indicator loadings (>.708)
            IoIT   EoA   EoI   IMG   PEOU   VIS   VOI   PUA   SQR     SR    LS   PPC    PS   PUI   TKR   WEI
IMG        0.767 0.000 0.000 0.000  0.000 0.000 0.000 0.000 0.000  0.000 0.000 0.000 0.000 0.000 0.000 0.000
PEOU       0.745 0.000 0.000 0.000  0.000 0.000 0.000 0.000 0.000  0.000 0.000 0.000 0.000 0.000 0.000 0.000
VIS        0.740 0.000 0.000 0.000  0.000 0.000 0.000 0.000 0.000  0.000 0.000 0.000 0.000 0.000 0.000 0.000
VOI        0.536 0.000 0.000 0.000  0.000 0.000 0.000 0.000 0.000  0.000 0.000 0.000 0.000 0.000 0.000 0.000
PUA        0.000 0.827 0.000 0.000  0.000 0.000 0.000 0.000 0.000  0.000 0.000 0.000 0.000 0.000 0.000 0.000
SQR        0.000 0.759 0.000 0.000  0.000 0.000 0.000 0.000 0.000  0.000 0.000 0.000 0.000 0.000 0.000 0.000
SR         0.000 0.508 0.000 0.000  0.000 0.000 0.000 0.000 0.000  0.000 0.000 0.000 0.000 0.000 0.000 0.000
LS         0.000 0.000 0.883 0.000  0.000 0.000 0.000 0.000 0.000  0.000 0.000 0.000 0.000 0.000 0.000 0.000
PPC        0.000 0.000 0.873 0.000  0.000 0.000 0.000 0.000 0.000  0.000 0.000 0.000 0.000 0.000 0.000 0.000
PS         0.000 0.000 0.895 0.000  0.000 0.000 0.000 0.000 0.000  0.000 0.000 0.000 0.000 0.000 0.000 0.000
PUI        0.000 0.000 0.904 0.000  0.000 0.000 0.000 0.000 0.000  0.000 0.000 0.000 0.000 0.000 0.000 0.000
TKR        0.000 0.000 0.667 0.000  0.000 0.000 0.000 0.000 0.000  0.000 0.000 0.000 0.000 0.000 0.000 0.000
WEI        0.000 0.000 0.892 0.000  0.000 0.000 0.000 0.000 0.000  0.000 0.000 0.000 0.000 0.000 0.000 0.000
IMG.IMG1   0.000 0.000 0.000 0.887  0.000 0.000 0.000 0.000 0.000  0.000 0.000 0.000 0.000 0.000 0.000 0.000
IMG.IMG2   0.000 0.000 0.000 0.878  0.000 0.000 0.000 0.000 0.000  0.000 0.000 0.000 0.000 0.000 0.000 0.000
IMG.IMG3   0.000 0.000 0.000 0.884  0.000 0.000 0.000 0.000 0.000  0.000 0.000 0.000 0.000 0.000 0.000 0.000
PEOU.PEOU1 0.000 0.000 0.000 0.000  0.788 0.000 0.000 0.000 0.000  0.000 0.000 0.000 0.000 0.000 0.000 0.000
PEOU.PEOU2 0.000 0.000 0.000 0.000  0.822 0.000 0.000 0.000 0.000 -0.000 0.000 0.000 0.000 0.000 0.000 0.000
PEOU.PEOU3 0.000 0.000 0.000 0.000  0.837 0.000 0.000 0.000 0.000 -0.000 0.000 0.000 0.000 0.000 0.000 0.000
PEOU.PEOU4 0.000 0.000 0.000 0.000  0.802 0.000 0.000 0.000 0.000  0.000 0.000 0.000 0.000 0.000 0.000 0.000
PEOU.PEOU6 0.000 0.000 0.000 0.000  0.786 0.000 0.000 0.000 0.000  0.000 0.000 0.000 0.000 0.000 0.000 0.000
VIS.VIS1   0.000 0.000 0.000 0.000  0.000 0.840 0.000 0.000 0.000  0.000 0.000 0.000 0.000 0.000 0.000 0.000
VIS.VIS2   0.000 0.000 0.000 0.000  0.000 0.837 0.000 0.000 0.000  0.000 0.000 0.000 0.000 0.000 0.000 0.000
VIS.VIS3   0.000 0.000 0.000 0.000  0.000 0.858 0.000 0.000 0.000  0.000 0.000 0.000 0.000 0.000 0.000 0.000
VOI.VOI1   0.000 0.000 0.000 0.000  0.000 0.000 0.873 0.000 0.000  0.000 0.000 0.000 0.000 0.000 0.000 0.000
VOI.VOI2   0.000 0.000 0.000 0.000  0.000 0.000 0.903 0.000 0.000  0.000 0.000 0.000 0.000 0.000 0.000 0.000
VOI.VOI3   0.000 0.000 0.000 0.000  0.000 0.000 0.854 0.000 0.000  0.000 0.000 0.000 0.000 0.000 0.000 0.000
PUA.PUA1   0.000 0.000 0.000 0.000  0.000 0.000 0.000 0.830 0.000  0.000 0.000 0.000 0.000 0.000 0.000 0.000
PUA.PUA2   0.000 0.000 0.000 0.000  0.000 0.000 0.000 0.801 0.000  0.000 0.000 0.000 0.000 0.000 0.000 0.000
PUA.PUA3   0.000 0.000 0.000 0.000  0.000 0.000 0.000 0.808 0.000  0.000 0.000 0.000 0.000 0.000 0.000 0.000
PUA.PUA4   0.000 0.000 0.000 0.000  0.000 0.000 0.000 0.790 0.000 -0.000 0.000 0.000 0.000 0.000 0.000 0.000
PUA.PUA5   0.000 0.000 0.000 0.000  0.000 0.000 0.000 0.822 0.000  0.000 0.000 0.000 0.000 0.000 0.000 0.000
PUA.PUA7   0.000 0.000 0.000 0.000  0.000 0.000 0.000 0.790 0.000  0.000 0.000 0.000 0.000 0.000 0.000 0.000
PUA.PUA8   0.000 0.000 0.000 0.000  0.000 0.000 0.000 0.832 0.000  0.000 0.000 0.000 0.000 0.000 0.000 0.000
SQR.SQR1   0.000 0.000 0.000 0.000  0.000 0.000 0.000 0.000 0.837  0.000 0.000 0.000 0.000 0.000 0.000 0.000
SQR.SQR2   0.000 0.000 0.000 0.000  0.000 0.000 0.000 0.000 0.846  0.000 0.000 0.000 0.000 0.000 0.000 0.000
SQR.SQR3   0.000 0.000 0.000 0.000  0.000 0.000 0.000 0.000 0.813  0.000 0.000 0.000 0.000 0.000 0.000 0.000
SR.SR1     0.000 0.000 0.000 0.000  0.000 0.000 0.000 0.000 0.000  0.877 0.000 0.000 0.000 0.000 0.000 0.000
SR.SR2     0.000 0.000 0.000 0.000 -0.000 0.000 0.000 0.000 0.000  0.844 0.000 0.000 0.000 0.000 0.000 0.000
SR.SR3     0.000 0.000 0.000 0.000  0.000 0.000 0.000 0.000 0.000  0.891 0.000 0.000 0.000 0.000 0.000 0.000
SR.SR4     0.000 0.000 0.000 0.000  0.000 0.000 0.000 0.000 0.000  0.883 0.000 0.000 0.000 0.000 0.000 0.000
LS.LS1     0.000 0.000 0.000 0.000  0.000 0.000 0.000 0.000 0.000  0.000 0.728 0.000 0.000 0.000 0.000 0.000
LS.LS2     0.000 0.000 0.000 0.000  0.000 0.000 0.000 0.000 0.000  0.000 0.703 0.000 0.000 0.000 0.000 0.000
LS.LS3     0.000 0.000 0.000 0.000  0.000 0.000 0.000 0.000 0.000  0.000 0.755 0.000 0.000 0.000 0.000 0.000
LS.LS4     0.000 0.000 0.000 0.000  0.000 0.000 0.000 0.000 0.000  0.000 0.786 0.000 0.000 0.000 0.000 0.000
LS.LS5     0.000 0.000 0.000 0.000  0.000 0.000 0.000 0.000 0.000  0.000 0.779 0.000 0.000 0.000 0.000 0.000
LS.LS6     0.000 0.000 0.000 0.000  0.000 0.000 0.000 0.000 0.000  0.000 0.790 0.000 0.000 0.000 0.000 0.000
LS.LS7     0.000 0.000 0.000 0.000  0.000 0.000 0.000 0.000 0.000  0.000 0.713 0.000 0.000 0.000 0.000 0.000
LS.LS8     0.000 0.000 0.000 0.000  0.000 0.000 0.000 0.000 0.000  0.000 0.801 0.000 0.000 0.000 0.000 0.000
PPC.PPC1   0.000 0.000 0.000 0.000  0.000 0.000 0.000 0.000 0.000  0.000 0.000 0.772 0.000 0.000 0.000 0.000
PPC.PPC2   0.000 0.000 0.000 0.000  0.000 0.000 0.000 0.000 0.000  0.000 0.000 0.722 0.000 0.000 0.000 0.000
PPC.PPC3   0.000 0.000 0.000 0.000  0.000 0.000 0.000 0.000 0.000  0.000 0.000 0.759 0.000 0.000 0.000 0.000
PPC.PPC4   0.000 0.000 0.000 0.000  0.000 0.000 0.000 0.000 0.000  0.000 0.000 0.792 0.000 0.000 0.000 0.000
PPC.PPC5   0.000 0.000 0.000 0.000  0.000 0.000 0.000 0.000 0.000  0.000 0.000 0.742 0.000 0.000 0.000 0.000
PPC.PPC6   0.000 0.000 0.000 0.000  0.000 0.000 0.000 0.000 0.000  0.000 0.000 0.785 0.000 0.000 0.000 0.000
PS.PS1     0.000 0.000 0.000 0.000  0.000 0.000 0.000 0.000 0.000  0.000 0.000 0.000 0.813 0.000 0.000 0.000
PS.PS2     0.000 0.000 0.000 0.000  0.000 0.000 0.000 0.000 0.000  0.000 0.000 0.000 0.810 0.000 0.000 0.000
PS.PS3     0.000 0.000 0.000 0.000  0.000 0.000 0.000 0.000 0.000  0.000 0.000 0.000 0.811 0.000 0.000 0.000
PS.PS4     0.000 0.000 0.000 0.000  0.000 0.000 0.000 0.000 0.000  0.000 0.000 0.000 0.774 0.000 0.000 0.000
PS.PS5     0.000 0.000 0.000 0.000  0.000 0.000 0.000 0.000 0.000  0.000 0.000 0.000 0.793 0.000 0.000 0.000
PS.PS6     0.000 0.000 0.000 0.000  0.000 0.000 0.000 0.000 0.000  0.000 0.000 0.000 0.778 0.000 0.000 0.000
PS.PS7     0.000 0.000 0.000 0.000  0.000 0.000 0.000 0.000 0.000  0.000 0.000 0.000 0.803 0.000 0.000 0.000
PS.PS8     0.000 0.000 0.000 0.000  0.000 0.000 0.000 0.000 0.000  0.000 0.000 0.000 0.775 0.000 0.000 0.000
PS.PS9     0.000 0.000 0.000 0.000  0.000 0.000 0.000 0.000 0.000  0.000 0.000 0.000 0.810 0.000 0.000 0.000
PS.PS10    0.000 0.000 0.000 0.000  0.000 0.000 0.000 0.000 0.000  0.000 0.000 0.000 0.734 0.000 0.000 0.000
PS.PS11    0.000 0.000 0.000 0.000  0.000 0.000 0.000 0.000 0.000  0.000 0.000 0.000 0.781 0.000 0.000 0.000
PUI.PUI1   0.000 0.000 0.000 0.000  0.000 0.000 0.000 0.000 0.000  0.000 0.000 0.000 0.000 0.823 0.000 0.000
PUI.PUI2   0.000 0.000 0.000 0.000  0.000 0.000 0.000 0.000 0.000  0.000 0.000 0.000 0.000 0.811 0.000 0.000
PUI.PUI3   0.000 0.000 0.000 0.000  0.000 0.000 0.000 0.000 0.000  0.000 0.000 0.000 0.000 0.839 0.000 0.000
PUI.PUI4   0.000 0.000 0.000 0.000  0.000 0.000 0.000 0.000 0.000 -0.000 0.000 0.000 0.000 0.789 0.000 0.000
PUI.PUI5   0.000 0.000 0.000 0.000  0.000 0.000 0.000 0.000 0.000  0.000 0.000 0.000 0.000 0.810 0.000 0.000
PUI.PUI7   0.000 0.000 0.000 0.000  0.000 0.000 0.000 0.000 0.000  0.000 0.000 0.000 0.000 0.803 0.000 0.000
PUI.PUI8   0.000 0.000 0.000 0.000  0.000 0.000 0.000 0.000 0.000  0.000 0.000 0.000 0.000 0.816 0.000 0.000
TKR.TKR1   0.000 0.000 0.000 0.000  0.000 0.000 0.000 0.000 0.000  0.000 0.000 0.000 0.000 0.000 0.828 0.000
TKR.TKR2   0.000 0.000 0.000 0.000  0.000 0.000 0.000 0.000 0.000  0.000 0.000 0.000 0.000 0.000 0.829 0.000
TKR.TKR3   0.000 0.000 0.000 0.000  0.000 0.000 0.000 0.000 0.000  0.000 0.000 0.000 0.000 0.000 0.811 0.000
TKR.TKR4   0.000 0.000 0.000 0.000  0.000 0.000 0.000 0.000 0.000  0.000 0.000 0.000 0.000 0.000 0.826 0.000
WEI.WEI1   0.000 0.000 0.000 0.000  0.000 0.000 0.000 0.000 0.000  0.000 0.000 0.000 0.000 0.000 0.000 0.769
WEI.WEI2   0.000 0.000 0.000 0.000  0.000 0.000 0.000 0.000 0.000  0.000 0.000 0.000 0.000 0.000 0.000 0.741
WEI.WEI3   0.000 0.000 0.000 0.000  0.000 0.000 0.000 0.000 0.000  0.000 0.000 0.000 0.000 0.000 0.000 0.785
WEI.WEI4   0.000 0.000 0.000 0.000  0.000 0.000 0.000 0.000 0.000  0.000 0.000 0.000 0.000 0.000 0.000 0.785
WEI.WEI5   0.000 0.000 0.000 0.000  0.000 0.000 0.000 0.000 0.000  0.000 0.000 0.000 0.000 0.000 0.000 0.782
WEI.WEI6   0.000 0.000 0.000 0.000  0.000 0.000 0.000 0.000 0.000  0.000 0.000 0.000 0.000 0.000 0.000 0.751
WEI.WEI7   0.000 0.000 0.000 0.000  0.000 0.000 0.000 0.000 0.000  0.000 0.000 0.000 0.000 0.000 0.000 0.785
WEI.WEI8   0.000 0.000 0.000 0.000  0.000 0.000 0.000 0.000 0.000  0.000 0.000 0.000 0.000 0.000 0.000 0.794


indicator reliability (>.500)
            IoIT   EoA   EoI   IMG  PEOU   VIS   VOI   PUA   SQR    SR    LS   PPC    PS   PUI   TKR   WEI
IMG        0.589 0.000 0.000 0.000 0.000 0.000 0.000 0.000 0.000 0.000 0.000 0.000 0.000 0.000 0.000 0.000
PEOU       0.555 0.000 0.000 0.000 0.000 0.000 0.000 0.000 0.000 0.000 0.000 0.000 0.000 0.000 0.000 0.000
VIS        0.548 0.000 0.000 0.000 0.000 0.000 0.000 0.000 0.000 0.000 0.000 0.000 0.000 0.000 0.000 0.000
VOI        0.288 0.000 0.000 0.000 0.000 0.000 0.000 0.000 0.000 0.000 0.000 0.000 0.000 0.000 0.000 0.000
PUA        0.000 0.684 0.000 0.000 0.000 0.000 0.000 0.000 0.000 0.000 0.000 0.000 0.000 0.000 0.000 0.000
SQR        0.000 0.577 0.000 0.000 0.000 0.000 0.000 0.000 0.000 0.000 0.000 0.000 0.000 0.000 0.000 0.000
SR         0.000 0.259 0.000 0.000 0.000 0.000 0.000 0.000 0.000 0.000 0.000 0.000 0.000 0.000 0.000 0.000
LS         0.000 0.000 0.780 0.000 0.000 0.000 0.000 0.000 0.000 0.000 0.000 0.000 0.000 0.000 0.000 0.000
PPC        0.000 0.000 0.763 0.000 0.000 0.000 0.000 0.000 0.000 0.000 0.000 0.000 0.000 0.000 0.000 0.000
PS         0.000 0.000 0.801 0.000 0.000 0.000 0.000 0.000 0.000 0.000 0.000 0.000 0.000 0.000 0.000 0.000
PUI        0.000 0.000 0.817 0.000 0.000 0.000 0.000 0.000 0.000 0.000 0.000 0.000 0.000 0.000 0.000 0.000
TKR        0.000 0.000 0.445 0.000 0.000 0.000 0.000 0.000 0.000 0.000 0.000 0.000 0.000 0.000 0.000 0.000
WEI        0.000 0.000 0.795 0.000 0.000 0.000 0.000 0.000 0.000 0.000 0.000 0.000 0.000 0.000 0.000 0.000
IMG.IMG1   0.000 0.000 0.000 0.787 0.000 0.000 0.000 0.000 0.000 0.000 0.000 0.000 0.000 0.000 0.000 0.000
IMG.IMG2   0.000 0.000 0.000 0.771 0.000 0.000 0.000 0.000 0.000 0.000 0.000 0.000 0.000 0.000 0.000 0.000
IMG.IMG3   0.000 0.000 0.000 0.782 0.000 0.000 0.000 0.000 0.000 0.000 0.000 0.000 0.000 0.000 0.000 0.000
PEOU.PEOU1 0.000 0.000 0.000 0.000 0.620 0.000 0.000 0.000 0.000 0.000 0.000 0.000 0.000 0.000 0.000 0.000
PEOU.PEOU2 0.000 0.000 0.000 0.000 0.676 0.000 0.000 0.000 0.000 0.000 0.000 0.000 0.000 0.000 0.000 0.000
PEOU.PEOU3 0.000 0.000 0.000 0.000 0.700 0.000 0.000 0.000 0.000 0.000 0.000 0.000 0.000 0.000 0.000 0.000
PEOU.PEOU4 0.000 0.000 0.000 0.000 0.642 0.000 0.000 0.000 0.000 0.000 0.000 0.000 0.000 0.000 0.000 0.000
PEOU.PEOU6 0.000 0.000 0.000 0.000 0.618 0.000 0.000 0.000 0.000 0.000 0.000 0.000 0.000 0.000 0.000 0.000
VIS.VIS1   0.000 0.000 0.000 0.000 0.000 0.706 0.000 0.000 0.000 0.000 0.000 0.000 0.000 0.000 0.000 0.000
VIS.VIS2   0.000 0.000 0.000 0.000 0.000 0.701 0.000 0.000 0.000 0.000 0.000 0.000 0.000 0.000 0.000 0.000
VIS.VIS3   0.000 0.000 0.000 0.000 0.000 0.737 0.000 0.000 0.000 0.000 0.000 0.000 0.000 0.000 0.000 0.000
VOI.VOI1   0.000 0.000 0.000 0.000 0.000 0.000 0.762 0.000 0.000 0.000 0.000 0.000 0.000 0.000 0.000 0.000
VOI.VOI2   0.000 0.000 0.000 0.000 0.000 0.000 0.815 0.000 0.000 0.000 0.000 0.000 0.000 0.000 0.000 0.000
VOI.VOI3   0.000 0.000 0.000 0.000 0.000 0.000 0.729 0.000 0.000 0.000 0.000 0.000 0.000 0.000 0.000 0.000
PUA.PUA1   0.000 0.000 0.000 0.000 0.000 0.000 0.000 0.688 0.000 0.000 0.000 0.000 0.000 0.000 0.000 0.000
PUA.PUA2   0.000 0.000 0.000 0.000 0.000 0.000 0.000 0.642 0.000 0.000 0.000 0.000 0.000 0.000 0.000 0.000
PUA.PUA3   0.000 0.000 0.000 0.000 0.000 0.000 0.000 0.654 0.000 0.000 0.000 0.000 0.000 0.000 0.000 0.000
PUA.PUA4   0.000 0.000 0.000 0.000 0.000 0.000 0.000 0.624 0.000 0.000 0.000 0.000 0.000 0.000 0.000 0.000
PUA.PUA5   0.000 0.000 0.000 0.000 0.000 0.000 0.000 0.676 0.000 0.000 0.000 0.000 0.000 0.000 0.000 0.000
PUA.PUA7   0.000 0.000 0.000 0.000 0.000 0.000 0.000 0.624 0.000 0.000 0.000 0.000 0.000 0.000 0.000 0.000
PUA.PUA8   0.000 0.000 0.000 0.000 0.000 0.000 0.000 0.693 0.000 0.000 0.000 0.000 0.000 0.000 0.000 0.000
SQR.SQR1   0.000 0.000 0.000 0.000 0.000 0.000 0.000 0.000 0.700 0.000 0.000 0.000 0.000 0.000 0.000 0.000
SQR.SQR2   0.000 0.000 0.000 0.000 0.000 0.000 0.000 0.000 0.715 0.000 0.000 0.000 0.000 0.000 0.000 0.000
SQR.SQR3   0.000 0.000 0.000 0.000 0.000 0.000 0.000 0.000 0.661 0.000 0.000 0.000 0.000 0.000 0.000 0.000
SR.SR1     0.000 0.000 0.000 0.000 0.000 0.000 0.000 0.000 0.000 0.770 0.000 0.000 0.000 0.000 0.000 0.000
SR.SR2     0.000 0.000 0.000 0.000 0.000 0.000 0.000 0.000 0.000 0.712 0.000 0.000 0.000 0.000 0.000 0.000
SR.SR3     0.000 0.000 0.000 0.000 0.000 0.000 0.000 0.000 0.000 0.795 0.000 0.000 0.000 0.000 0.000 0.000
SR.SR4     0.000 0.000 0.000 0.000 0.000 0.000 0.000 0.000 0.000 0.781 0.000 0.000 0.000 0.000 0.000 0.000
LS.LS1     0.000 0.000 0.000 0.000 0.000 0.000 0.000 0.000 0.000 0.000 0.531 0.000 0.000 0.000 0.000 0.000
LS.LS2     0.000 0.000 0.000 0.000 0.000 0.000 0.000 0.000 0.000 0.000 0.494 0.000 0.000 0.000 0.000 0.000
LS.LS3     0.000 0.000 0.000 0.000 0.000 0.000 0.000 0.000 0.000 0.000 0.569 0.000 0.000 0.000 0.000 0.000
LS.LS4     0.000 0.000 0.000 0.000 0.000 0.000 0.000 0.000 0.000 0.000 0.618 0.000 0.000 0.000 0.000 0.000
LS.LS5     0.000 0.000 0.000 0.000 0.000 0.000 0.000 0.000 0.000 0.000 0.606 0.000 0.000 0.000 0.000 0.000
LS.LS6     0.000 0.000 0.000 0.000 0.000 0.000 0.000 0.000 0.000 0.000 0.624 0.000 0.000 0.000 0.000 0.000
LS.LS7     0.000 0.000 0.000 0.000 0.000 0.000 0.000 0.000 0.000 0.000 0.508 0.000 0.000 0.000 0.000 0.000
LS.LS8     0.000 0.000 0.000 0.000 0.000 0.000 0.000 0.000 0.000 0.000 0.642 0.000 0.000 0.000 0.000 0.000
PPC.PPC1   0.000 0.000 0.000 0.000 0.000 0.000 0.000 0.000 0.000 0.000 0.000 0.596 0.000 0.000 0.000 0.000
PPC.PPC2   0.000 0.000 0.000 0.000 0.000 0.000 0.000 0.000 0.000 0.000 0.000 0.521 0.000 0.000 0.000 0.000
PPC.PPC3   0.000 0.000 0.000 0.000 0.000 0.000 0.000 0.000 0.000 0.000 0.000 0.576 0.000 0.000 0.000 0.000
PPC.PPC4   0.000 0.000 0.000 0.000 0.000 0.000 0.000 0.000 0.000 0.000 0.000 0.627 0.000 0.000 0.000 0.000
PPC.PPC5   0.000 0.000 0.000 0.000 0.000 0.000 0.000 0.000 0.000 0.000 0.000 0.551 0.000 0.000 0.000 0.000
PPC.PPC6   0.000 0.000 0.000 0.000 0.000 0.000 0.000 0.000 0.000 0.000 0.000 0.616 0.000 0.000 0.000 0.000
PS.PS1     0.000 0.000 0.000 0.000 0.000 0.000 0.000 0.000 0.000 0.000 0.000 0.000 0.661 0.000 0.000 0.000
PS.PS2     0.000 0.000 0.000 0.000 0.000 0.000 0.000 0.000 0.000 0.000 0.000 0.000 0.656 0.000 0.000 0.000
PS.PS3     0.000 0.000 0.000 0.000 0.000 0.000 0.000 0.000 0.000 0.000 0.000 0.000 0.657 0.000 0.000 0.000
PS.PS4     0.000 0.000 0.000 0.000 0.000 0.000 0.000 0.000 0.000 0.000 0.000 0.000 0.599 0.000 0.000 0.000
PS.PS5     0.000 0.000 0.000 0.000 0.000 0.000 0.000 0.000 0.000 0.000 0.000 0.000 0.629 0.000 0.000 0.000
PS.PS6     0.000 0.000 0.000 0.000 0.000 0.000 0.000 0.000 0.000 0.000 0.000 0.000 0.605 0.000 0.000 0.000
PS.PS7     0.000 0.000 0.000 0.000 0.000 0.000 0.000 0.000 0.000 0.000 0.000 0.000 0.645 0.000 0.000 0.000
PS.PS8     0.000 0.000 0.000 0.000 0.000 0.000 0.000 0.000 0.000 0.000 0.000 0.000 0.601 0.000 0.000 0.000
PS.PS9     0.000 0.000 0.000 0.000 0.000 0.000 0.000 0.000 0.000 0.000 0.000 0.000 0.657 0.000 0.000 0.000
PS.PS10    0.000 0.000 0.000 0.000 0.000 0.000 0.000 0.000 0.000 0.000 0.000 0.000 0.538 0.000 0.000 0.000
PS.PS11    0.000 0.000 0.000 0.000 0.000 0.000 0.000 0.000 0.000 0.000 0.000 0.000 0.610 0.000 0.000 0.000
PUI.PUI1   0.000 0.000 0.000 0.000 0.000 0.000 0.000 0.000 0.000 0.000 0.000 0.000 0.000 0.678 0.000 0.000
PUI.PUI2   0.000 0.000 0.000 0.000 0.000 0.000 0.000 0.000 0.000 0.000 0.000 0.000 0.000 0.658 0.000 0.000
PUI.PUI3   0.000 0.000 0.000 0.000 0.000 0.000 0.000 0.000 0.000 0.000 0.000 0.000 0.000 0.704 0.000 0.000
PUI.PUI4   0.000 0.000 0.000 0.000 0.000 0.000 0.000 0.000 0.000 0.000 0.000 0.000 0.000 0.622 0.000 0.000
PUI.PUI5   0.000 0.000 0.000 0.000 0.000 0.000 0.000 0.000 0.000 0.000 0.000 0.000 0.000 0.656 0.000 0.000
PUI.PUI7   0.000 0.000 0.000 0.000 0.000 0.000 0.000 0.000 0.000 0.000 0.000 0.000 0.000 0.645 0.000 0.000
PUI.PUI8   0.000 0.000 0.000 0.000 0.000 0.000 0.000 0.000 0.000 0.000 0.000 0.000 0.000 0.667 0.000 0.000
TKR.TKR1   0.000 0.000 0.000 0.000 0.000 0.000 0.000 0.000 0.000 0.000 0.000 0.000 0.000 0.000 0.686 0.000
TKR.TKR2   0.000 0.000 0.000 0.000 0.000 0.000 0.000 0.000 0.000 0.000 0.000 0.000 0.000 0.000 0.688 0.000
TKR.TKR3   0.000 0.000 0.000 0.000 0.000 0.000 0.000 0.000 0.000 0.000 0.000 0.000 0.000 0.000 0.658 0.000
TKR.TKR4   0.000 0.000 0.000 0.000 0.000 0.000 0.000 0.000 0.000 0.000 0.000 0.000 0.000 0.000 0.682 0.000
WEI.WEI1   0.000 0.000 0.000 0.000 0.000 0.000 0.000 0.000 0.000 0.000 0.000 0.000 0.000 0.000 0.000 0.592
WEI.WEI2   0.000 0.000 0.000 0.000 0.000 0.000 0.000 0.000 0.000 0.000 0.000 0.000 0.000 0.000 0.000 0.549
WEI.WEI3   0.000 0.000 0.000 0.000 0.000 0.000 0.000 0.000 0.000 0.000 0.000 0.000 0.000 0.000 0.000 0.617
WEI.WEI4   0.000 0.000 0.000 0.000 0.000 0.000 0.000 0.000 0.000 0.000 0.000 0.000 0.000 0.000 0.000 0.617
WEI.WEI5   0.000 0.000 0.000 0.000 0.000 0.000 0.000 0.000 0.000 0.000 0.000 0.000 0.000 0.000 0.000 0.612
WEI.WEI6   0.000 0.000 0.000 0.000 0.000 0.000 0.000 0.000 0.000 0.000 0.000 0.000 0.000 0.000 0.000 0.564
WEI.WEI7   0.000 0.000 0.000 0.000 0.000 0.000 0.000 0.000 0.000 0.000 0.000 0.000 0.000 0.000 0.000 0.616
WEI.WEI8   0.000 0.000 0.000 0.000 0.000 0.000 0.000 0.000 0.000 0.000 0.000 0.000 0.000 0.000 0.000 0.630


composite reliability
     alpha  rhoC   AVE  rhoA
IoIT 0.662 0.794 0.495 0.689
EoA  0.554 0.748 0.506 0.620
EoI  0.925 0.942 0.733 0.929
IMG  0.859 0.914 0.780 0.859
PEOU 0.866 0.903 0.652 0.866
VIS  0.801 0.883 0.715 0.803
VOI  0.849 0.909 0.768 0.852
PUA  0.913 0.931 0.657 0.913
SQR  0.778 0.871 0.692 0.778
SR   0.897 0.928 0.764 0.901
LS   0.894 0.915 0.574 0.895
PPC  0.856 0.893 0.581 0.858
PS   0.939 0.948 0.623 0.940
PUI  0.915 0.932 0.661 0.915
TKR  0.842 0.894 0.678 0.842
WEI  0.904 0.923 0.599 0.905

Alpha, rhoC, and rhoA should exceed 0.7 while AVE should exceed 0.5


HTMT (lavaan/semTools)
       IMG  PEOU   VIS   VOI   PUA   SQR    SR    LS   PPC    PS   PUI   TKR   WEI
IMG  1.000                                                                        
PEOU 0.343 1.000                                                                  
VIS  0.427 0.556 1.000                                                            
VOI  0.594 0.086 0.258 1.000                                                      
PUA  0.375 0.765 0.517 0.106 1.000                                                
SQR  0.596 0.370 0.317 0.431 0.409 1.000                                          
SR   0.530 0.050 0.120 0.610 0.098 0.545 1.000                                    
LS   0.539 0.700 0.523 0.254 0.846 0.519 0.228 1.000                              
PPC  0.523 0.723 0.528 0.290 0.795 0.527 0.221 0.826 1.000                        
PS   0.372 0.757 0.518 0.087 0.903 0.408 0.099 0.821 0.769 1.000                  
PUI  0.393 0.777 0.513 0.089 0.935 0.400 0.077 0.833 0.827 0.901 1.000            
TKR  0.610 0.455 0.363 0.538 0.483 0.561 0.465 0.547 0.592 0.476 0.490 1.000      
WEI  0.533 0.736 0.600 0.252 0.834 0.532 0.263 0.861 0.779 0.825 0.839 0.594 1.000
