       IMG  PEOU   VIS   SQR    SR    LS   PPC    PS   WEI
IMG  1.000                                                
PEOU 0.351 1.000                                          
VIS  0.431 0.568 1.000                                    
SQR  0.601 0.373 0.335 1.000                              
SR   0.523 0.053 0.130 0.540 1.000                        
LS   0.551 0.684 0.533 0.515 0.214 1.000                  
PPC  0.517 0.693 0.534 0.513 0.202 0.823 1.000            
PS   0.377 0.747 0.533 0.413 0.095 0.819 0.781 1.000      
WEI  0.534 0.731 0.603 0.522 0.252 0.853 0.781 0.829 1.000
