            IoIT   EoA   EoI   IMG   PEOU   VIS   SQR     SR    LS   PPC    PS   WEI
IMG        0.752 0.000 0.000 0.000  0.000 0.000 0.000  0.000 0.000 0.000 0.000 0.000
PEOU       0.782 0.000 0.000 0.000  0.000 0.000 0.000  0.000 0.000 0.000 0.000 0.000
VIS        0.763 0.000 0.000 0.000  0.000 0.000 0.000  0.000 0.000 0.000 0.000 0.000
SQR        0.000 0.936 0.000 0.000  0.000 0.000 0.000  0.000 0.000 0.000 0.000 0.000
SR         0.000 0.736 0.000 0.000  0.000 0.000 0.000  0.000 0.000 0.000 0.000 0.000
LS         0.000 0.000 0.905 0.000  0.000 0.000 0.000  0.000 0.000 0.000 0.000 0.000
PPC        0.000 0.000 0.883 0.000  0.000 0.000 0.000  0.000 0.000 0.000 0.000 0.000
PS         0.000 0.000 0.902 0.000  0.000 0.000 0.000  0.000 0.000 0.000 0.000 0.000
WEI        0.000 0.000 0.905 0.000  0.000 0.000 0.000  0.000 0.000 0.000 0.000 0.000
IMG.IMG1   0.000 0.000 0.000 0.887  0.000 0.000 0.000  0.000 0.000 0.000 0.000 0.000
IMG.IMG2   0.000 0.000 0.000 0.877  0.000 0.000 0.000  0.000 0.000 0.000 0.000 0.000
IMG.IMG3   0.000 0.000 0.000 0.885  0.000 0.000 0.000  0.000 0.000 0.000 0.000 0.000
PEOU.PEOU1 0.000 0.000 0.000 0.000  0.787 0.000 0.000  0.000 0.000 0.000 0.000 0.000
PEOU.PEOU2 0.000 0.000 0.000 0.000  0.821 0.000 0.000 -0.000 0.000 0.000 0.000 0.000
PEOU.PEOU3 0.000 0.000 0.000 0.000  0.837 0.000 0.000 -0.000 0.000 0.000 0.000 0.000
PEOU.PEOU4 0.000 0.000 0.000 0.000  0.802 0.000 0.000  0.000 0.000 0.000 0.000 0.000
PEOU.PEOU6 0.000 0.000 0.000 0.000  0.787 0.000 0.000  0.000 0.000 0.000 0.000 0.000
VIS.VIS1   0.000 0.000 0.000 0.000  0.000 0.845 0.000  0.000 0.000 0.000 0.000 0.000
VIS.VIS2   0.000 0.000 0.000 0.000  0.000 0.837 0.000  0.000 0.000 0.000 0.000 0.000
VIS.VIS3   0.000 0.000 0.000 0.000  0.000 0.854 0.000  0.000 0.000 0.000 0.000 0.000
SQR.SQR1   0.000 0.000 0.000 0.000  0.000 0.000 0.840  0.000 0.000 0.000 0.000 0.000
SQR.SQR2   0.000 0.000 0.000 0.000  0.000 0.000 0.847  0.000 0.000 0.000 0.000 0.000
SQR.SQR3   0.000 0.000 0.000 0.000  0.000 0.000 0.808  0.000 0.000 0.000 0.000 0.000
SR.SR1     0.000 0.000 0.000 0.000  0.000 0.000 0.000  0.883 0.000 0.000 0.000 0.000
SR.SR2     0.000 0.000 0.000 0.000 -0.000 0.000 0.000  0.839 0.000 0.000 0.000 0.000
SR.SR3     0.000 0.000 0.000 0.000  0.000 0.000 0.000  0.890 0.000 0.000 0.000 0.000
SR.SR4     0.000 0.000 0.000 0.000  0.000 0.000 0.000  0.883 0.000 0.000 0.000 0.000
LS.LS1     0.000 0.000 0.000 0.000  0.000 0.000 0.000  0.000 0.725 0.000 0.000 0.000
LS.LS2     0.000 0.000 0.000 0.000  0.000 0.000 0.000  0.000 0.703 0.000 0.000 0.000
LS.LS3     0.000 0.000 0.000 0.000  0.000 0.000 0.000  0.000 0.751 0.000 0.000 0.000
LS.LS4     0.000 0.000 0.000 0.000  0.000 0.000 0.000  0.000 0.785 0.000 0.000 0.000
LS.LS5     0.000 0.000 0.000 0.000  0.000 0.000 0.000  0.000 0.779 0.000 0.000 0.000
LS.LS6     0.000 0.000 0.000 0.000  0.000 0.000 0.000  0.000 0.791 0.000 0.000 0.000
LS.LS7     0.000 0.000 0.000 0.000  0.000 0.000 0.000  0.000 0.719 0.000 0.000 0.000
LS.LS8     0.000 0.000 0.000 0.000  0.000 0.000 0.000  0.000 0.802 0.000 0.000 0.000
PPC.PPC1   0.000 0.000 0.000 0.000  0.000 0.000 0.000  0.000 0.000 0.773 0.000 0.000
PPC.PPC2   0.000 0.000 0.000 0.000  0.000 0.000 0.000  0.000 0.000 0.727 0.000 0.000
PPC.PPC3   0.000 0.000 0.000 0.000  0.000 0.000 0.000  0.000 0.000 0.754 0.000 0.000
PPC.PPC4   0.000 0.000 0.000 0.000  0.000 0.000 0.000  0.000 0.000 0.788 0.000 0.000
PPC.PPC5   0.000 0.000 0.000 0.000  0.000 0.000 0.000  0.000 0.000 0.747 0.000 0.000
PPC.PPC6   0.000 0.000 0.000 0.000  0.000 0.000 0.000  0.000 0.000 0.782 0.000 0.000
PS.PS1     0.000 0.000 0.000 0.000  0.000 0.000 0.000  0.000 0.000 0.000 0.812 0.000
PS.PS2     0.000 0.000 0.000 0.000  0.000 0.000 0.000  0.000 0.000 0.000 0.808 0.000
PS.PS3     0.000 0.000 0.000 0.000  0.000 0.000 0.000  0.000 0.000 0.000 0.810 0.000
PS.PS4     0.000 0.000 0.000 0.000  0.000 0.000 0.000  0.000 0.000 0.000 0.774 0.000
PS.PS5     0.000 0.000 0.000 0.000  0.000 0.000 0.000  0.000 0.000 0.000 0.791 0.000
PS.PS6     0.000 0.000 0.000 0.000  0.000 0.000 0.000  0.000 0.000 0.000 0.777 0.000
PS.PS7     0.000 0.000 0.000 0.000  0.000 0.000 0.000  0.000 0.000 0.000 0.801 0.000
PS.PS8     0.000 0.000 0.000 0.000  0.000 0.000 0.000  0.000 0.000 0.000 0.777 0.000
PS.PS9     0.000 0.000 0.000 0.000  0.000 0.000 0.000  0.000 0.000 0.000 0.810 0.000
PS.PS10    0.000 0.000 0.000 0.000  0.000 0.000 0.000  0.000 0.000 0.000 0.738 0.000
PS.PS11    0.000 0.000 0.000 0.000  0.000 0.000 0.000  0.000 0.000 0.000 0.783 0.000
WEI.WEI1   0.000 0.000 0.000 0.000  0.000 0.000 0.000  0.000 0.000 0.000 0.000 0.764
WEI.WEI2   0.000 0.000 0.000 0.000  0.000 0.000 0.000  0.000 0.000 0.000 0.000 0.738
WEI.WEI3   0.000 0.000 0.000 0.000  0.000 0.000 0.000  0.000 0.000 0.000 0.000 0.784
WEI.WEI4   0.000 0.000 0.000 0.000  0.000 0.000 0.000  0.000 0.000 0.000 0.000 0.781
WEI.WEI5   0.000 0.000 0.000 0.000  0.000 0.000 0.000  0.000 0.000 0.000 0.000 0.785
WEI.WEI6   0.000 0.000 0.000 0.000  0.000 0.000 0.000  0.000 0.000 0.000 0.000 0.755
WEI.WEI7   0.000 0.000 0.000 0.000  0.000 0.000 0.000  0.000 0.000 0.000 0.000 0.790
WEI.WEI8   0.000 0.000 0.000 0.000  0.000 0.000 0.000  0.000 0.000 0.000 0.000 0.794
