indicator loadings (>.708)
            IoIT   EoA   EoI   IMG   PEOU   VIS   SQR     SR    LS   PPC    PS   WEI
IMG        0.752 0.000 0.000 0.000  0.000 0.000 0.000  0.000 0.000 0.000 0.000 0.000
PEOU       0.782 0.000 0.000 0.000  0.000 0.000 0.000  0.000 0.000 0.000 0.000 0.000
VIS        0.763 0.000 0.000 0.000  0.000 0.000 0.000  0.000 0.000 0.000 0.000 0.000
SQR        0.000 0.936 0.000 0.000  0.000 0.000 0.000  0.000 0.000 0.000 0.000 0.000
SR         0.000 0.736 0.000 0.000  0.000 0.000 0.000  0.000 0.000 0.000 0.000 0.000
LS         0.000 0.000 0.905 0.000  0.000 0.000 0.000  0.000 0.000 0.000 0.000 0.000
PPC        0.000 0.000 0.883 0.000  0.000 0.000 0.000  0.000 0.000 0.000 0.000 0.000
PS         0.000 0.000 0.902 0.000  0.000 0.000 0.000  0.000 0.000 0.000 0.000 0.000
WEI        0.000 0.000 0.905 0.000  0.000 0.000 0.000  0.000 0.000 0.000 0.000 0.000
IMG.IMG1   0.000 0.000 0.000 0.887  0.000 0.000 0.000  0.000 0.000 0.000 0.000 0.000
IMG.IMG2   0.000 0.000 0.000 0.877  0.000 0.000 0.000  0.000 0.000 0.000 0.000 0.000
IMG.IMG3   0.000 0.000 0.000 0.885  0.000 0.000 0.000  0.000 0.000 0.000 0.000 0.000
PEOU.PEOU1 0.000 0.000 0.000 0.000  0.787 0.000 0.000  0.000 0.000 0.000 0.000 0.000
PEOU.PEOU2 0.000 0.000 0.000 0.000  0.821 0.000 0.000 -0.000 0.000 0.000 0.000 0.000
PEOU.PEOU3 0.000 0.000 0.000 0.000  0.837 0.000 0.000 -0.000 0.000 0.000 0.000 0.000
PEOU.PEOU4 0.000 0.000 0.000 0.000  0.802 0.000 0.000  0.000 0.000 0.000 0.000 0.000
PEOU.PEOU6 0.000 0.000 0.000 0.000  0.787 0.000 0.000  0.000 0.000 0.000 0.000 0.000
VIS.VIS1   0.000 0.000 0.000 0.000  0.000 0.845 0.000  0.000 0.000 0.000 0.000 0.000
VIS.VIS2   0.000 0.000 0.000 0.000  0.000 0.837 0.000  0.000 0.000 0.000 0.000 0.000
VIS.VIS3   0.000 0.000 0.000 0.000  0.000 0.854 0.000  0.000 0.000 0.000 0.000 0.000
SQR.SQR1   0.000 0.000 0.000 0.000  0.000 0.000 0.840  0.000 0.000 0.000 0.000 0.000
SQR.SQR2   0.000 0.000 0.000 0.000  0.000 0.000 0.847  0.000 0.000 0.000 0.000 0.000
SQR.SQR3   0.000 0.000 0.000 0.000  0.000 0.000 0.808  0.000 0.000 0.000 0.000 0.000
SR.SR1     0.000 0.000 0.000 0.000  0.000 0.000 0.000  0.883 0.000 0.000 0.000 0.000
SR.SR2     0.000 0.000 0.000 0.000 -0.000 0.000 0.000  0.839 0.000 0.000 0.000 0.000
SR.SR3     0.000 0.000 0.000 0.000  0.000 0.000 0.000  0.890 0.000 0.000 0.000 0.000
SR.SR4     0.000 0.000 0.000 0.000  0.000 0.000 0.000  0.883 0.000 0.000 0.000 0.000
LS.LS1     0.000 0.000 0.000 0.000  0.000 0.000 0.000  0.000 0.725 0.000 0.000 0.000
LS.LS2     0.000 0.000 0.000 0.000  0.000 0.000 0.000  0.000 0.703 0.000 0.000 0.000
LS.LS3     0.000 0.000 0.000 0.000  0.000 0.000 0.000  0.000 0.751 0.000 0.000 0.000
LS.LS4     0.000 0.000 0.000 0.000  0.000 0.000 0.000  0.000 0.785 0.000 0.000 0.000
LS.LS5     0.000 0.000 0.000 0.000  0.000 0.000 0.000  0.000 0.779 0.000 0.000 0.000
LS.LS6     0.000 0.000 0.000 0.000  0.000 0.000 0.000  0.000 0.791 0.000 0.000 0.000
LS.LS7     0.000 0.000 0.000 0.000  0.000 0.000 0.000  0.000 0.719 0.000 0.000 0.000
LS.LS8     0.000 0.000 0.000 0.000  0.000 0.000 0.000  0.000 0.802 0.000 0.000 0.000
PPC.PPC1   0.000 0.000 0.000 0.000  0.000 0.000 0.000  0.000 0.000 0.773 0.000 0.000
PPC.PPC2   0.000 0.000 0.000 0.000  0.000 0.000 0.000  0.000 0.000 0.727 0.000 0.000
PPC.PPC3   0.000 0.000 0.000 0.000  0.000 0.000 0.000  0.000 0.000 0.754 0.000 0.000
PPC.PPC4   0.000 0.000 0.000 0.000  0.000 0.000 0.000  0.000 0.000 0.788 0.000 0.000
PPC.PPC5   0.000 0.000 0.000 0.000  0.000 0.000 0.000  0.000 0.000 0.747 0.000 0.000
PPC.PPC6   0.000 0.000 0.000 0.000  0.000 0.000 0.000  0.000 0.000 0.782 0.000 0.000
PS.PS1     0.000 0.000 0.000 0.000  0.000 0.000 0.000  0.000 0.000 0.000 0.812 0.000
PS.PS2     0.000 0.000 0.000 0.000  0.000 0.000 0.000  0.000 0.000 0.000 0.808 0.000
PS.PS3     0.000 0.000 0.000 0.000  0.000 0.000 0.000  0.000 0.000 0.000 0.810 0.000
PS.PS4     0.000 0.000 0.000 0.000  0.000 0.000 0.000  0.000 0.000 0.000 0.774 0.000
PS.PS5     0.000 0.000 0.000 0.000  0.000 0.000 0.000  0.000 0.000 0.000 0.791 0.000
PS.PS6     0.000 0.000 0.000 0.000  0.000 0.000 0.000  0.000 0.000 0.000 0.777 0.000
PS.PS7     0.000 0.000 0.000 0.000  0.000 0.000 0.000  0.000 0.000 0.000 0.801 0.000
PS.PS8     0.000 0.000 0.000 0.000  0.000 0.000 0.000  0.000 0.000 0.000 0.777 0.000
PS.PS9     0.000 0.000 0.000 0.000  0.000 0.000 0.000  0.000 0.000 0.000 0.810 0.000
PS.PS10    0.000 0.000 0.000 0.000  0.000 0.000 0.000  0.000 0.000 0.000 0.738 0.000
PS.PS11    0.000 0.000 0.000 0.000  0.000 0.000 0.000  0.000 0.000 0.000 0.783 0.000
WEI.WEI1   0.000 0.000 0.000 0.000  0.000 0.000 0.000  0.000 0.000 0.000 0.000 0.764
WEI.WEI2   0.000 0.000 0.000 0.000  0.000 0.000 0.000  0.000 0.000 0.000 0.000 0.738
WEI.WEI3   0.000 0.000 0.000 0.000  0.000 0.000 0.000  0.000 0.000 0.000 0.000 0.784
WEI.WEI4   0.000 0.000 0.000 0.000  0.000 0.000 0.000  0.000 0.000 0.000 0.000 0.781
WEI.WEI5   0.000 0.000 0.000 0.000  0.000 0.000 0.000  0.000 0.000 0.000 0.000 0.785
WEI.WEI6   0.000 0.000 0.000 0.000  0.000 0.000 0.000  0.000 0.000 0.000 0.000 0.755
WEI.WEI7   0.000 0.000 0.000 0.000  0.000 0.000 0.000  0.000 0.000 0.000 0.000 0.790
WEI.WEI8   0.000 0.000 0.000 0.000  0.000 0.000 0.000  0.000 0.000 0.000 0.000 0.794


indicator reliability (>.500)
            IoIT   EoA   EoI   IMG  PEOU   VIS   SQR    SR    LS   PPC    PS   WEI
IMG        0.566 0.000 0.000 0.000 0.000 0.000 0.000 0.000 0.000 0.000 0.000 0.000
PEOU       0.612 0.000 0.000 0.000 0.000 0.000 0.000 0.000 0.000 0.000 0.000 0.000
VIS        0.583 0.000 0.000 0.000 0.000 0.000 0.000 0.000 0.000 0.000 0.000 0.000
SQR        0.000 0.876 0.000 0.000 0.000 0.000 0.000 0.000 0.000 0.000 0.000 0.000
SR         0.000 0.542 0.000 0.000 0.000 0.000 0.000 0.000 0.000 0.000 0.000 0.000
LS         0.000 0.000 0.819 0.000 0.000 0.000 0.000 0.000 0.000 0.000 0.000 0.000
PPC        0.000 0.000 0.779 0.000 0.000 0.000 0.000 0.000 0.000 0.000 0.000 0.000
PS         0.000 0.000 0.813 0.000 0.000 0.000 0.000 0.000 0.000 0.000 0.000 0.000
WEI        0.000 0.000 0.819 0.000 0.000 0.000 0.000 0.000 0.000 0.000 0.000 0.000
IMG.IMG1   0.000 0.000 0.000 0.787 0.000 0.000 0.000 0.000 0.000 0.000 0.000 0.000
IMG.IMG2   0.000 0.000 0.000 0.770 0.000 0.000 0.000 0.000 0.000 0.000 0.000 0.000
IMG.IMG3   0.000 0.000 0.000 0.783 0.000 0.000 0.000 0.000 0.000 0.000 0.000 0.000
PEOU.PEOU1 0.000 0.000 0.000 0.000 0.619 0.000 0.000 0.000 0.000 0.000 0.000 0.000
PEOU.PEOU2 0.000 0.000 0.000 0.000 0.675 0.000 0.000 0.000 0.000 0.000 0.000 0.000
PEOU.PEOU3 0.000 0.000 0.000 0.000 0.701 0.000 0.000 0.000 0.000 0.000 0.000 0.000
PEOU.PEOU4 0.000 0.000 0.000 0.000 0.643 0.000 0.000 0.000 0.000 0.000 0.000 0.000
PEOU.PEOU6 0.000 0.000 0.000 0.000 0.620 0.000 0.000 0.000 0.000 0.000 0.000 0.000
VIS.VIS1   0.000 0.000 0.000 0.000 0.000 0.713 0.000 0.000 0.000 0.000 0.000 0.000
VIS.VIS2   0.000 0.000 0.000 0.000 0.000 0.700 0.000 0.000 0.000 0.000 0.000 0.000
VIS.VIS3   0.000 0.000 0.000 0.000 0.000 0.730 0.000 0.000 0.000 0.000 0.000 0.000
SQR.SQR1   0.000 0.000 0.000 0.000 0.000 0.000 0.705 0.000 0.000 0.000 0.000 0.000
SQR.SQR2   0.000 0.000 0.000 0.000 0.000 0.000 0.718 0.000 0.000 0.000 0.000 0.000
SQR.SQR3   0.000 0.000 0.000 0.000 0.000 0.000 0.654 0.000 0.000 0.000 0.000 0.000
SR.SR1     0.000 0.000 0.000 0.000 0.000 0.000 0.000 0.780 0.000 0.000 0.000 0.000
SR.SR2     0.000 0.000 0.000 0.000 0.000 0.000 0.000 0.703 0.000 0.000 0.000 0.000
SR.SR3     0.000 0.000 0.000 0.000 0.000 0.000 0.000 0.793 0.000 0.000 0.000 0.000
SR.SR4     0.000 0.000 0.000 0.000 0.000 0.000 0.000 0.779 0.000 0.000 0.000 0.000
LS.LS1     0.000 0.000 0.000 0.000 0.000 0.000 0.000 0.000 0.525 0.000 0.000 0.000
LS.LS2     0.000 0.000 0.000 0.000 0.000 0.000 0.000 0.000 0.494 0.000 0.000 0.000
LS.LS3     0.000 0.000 0.000 0.000 0.000 0.000 0.000 0.000 0.565 0.000 0.000 0.000
LS.LS4     0.000 0.000 0.000 0.000 0.000 0.000 0.000 0.000 0.617 0.000 0.000 0.000
LS.LS5     0.000 0.000 0.000 0.000 0.000 0.000 0.000 0.000 0.607 0.000 0.000 0.000
LS.LS6     0.000 0.000 0.000 0.000 0.000 0.000 0.000 0.000 0.625 0.000 0.000 0.000
LS.LS7     0.000 0.000 0.000 0.000 0.000 0.000 0.000 0.000 0.517 0.000 0.000 0.000
LS.LS8     0.000 0.000 0.000 0.000 0.000 0.000 0.000 0.000 0.643 0.000 0.000 0.000
PPC.PPC1   0.000 0.000 0.000 0.000 0.000 0.000 0.000 0.000 0.000 0.597 0.000 0.000
PPC.PPC2   0.000 0.000 0.000 0.000 0.000 0.000 0.000 0.000 0.000 0.529 0.000 0.000
PPC.PPC3   0.000 0.000 0.000 0.000 0.000 0.000 0.000 0.000 0.000 0.568 0.000 0.000
PPC.PPC4   0.000 0.000 0.000 0.000 0.000 0.000 0.000 0.000 0.000 0.622 0.000 0.000
PPC.PPC5   0.000 0.000 0.000 0.000 0.000 0.000 0.000 0.000 0.000 0.558 0.000 0.000
PPC.PPC6   0.000 0.000 0.000 0.000 0.000 0.000 0.000 0.000 0.000 0.612 0.000 0.000
PS.PS1     0.000 0.000 0.000 0.000 0.000 0.000 0.000 0.000 0.000 0.000 0.660 0.000
PS.PS2     0.000 0.000 0.000 0.000 0.000 0.000 0.000 0.000 0.000 0.000 0.653 0.000
PS.PS3     0.000 0.000 0.000 0.000 0.000 0.000 0.000 0.000 0.000 0.000 0.656 0.000
PS.PS4     0.000 0.000 0.000 0.000 0.000 0.000 0.000 0.000 0.000 0.000 0.599 0.000
PS.PS5     0.000 0.000 0.000 0.000 0.000 0.000 0.000 0.000 0.000 0.000 0.626 0.000
PS.PS6     0.000 0.000 0.000 0.000 0.000 0.000 0.000 0.000 0.000 0.000 0.603 0.000
PS.PS7     0.000 0.000 0.000 0.000 0.000 0.000 0.000 0.000 0.000 0.000 0.641 0.000
PS.PS8     0.000 0.000 0.000 0.000 0.000 0.000 0.000 0.000 0.000 0.000 0.603 0.000
PS.PS9     0.000 0.000 0.000 0.000 0.000 0.000 0.000 0.000 0.000 0.000 0.657 0.000
PS.PS10    0.000 0.000 0.000 0.000 0.000 0.000 0.000 0.000 0.000 0.000 0.545 0.000
PS.PS11    0.000 0.000 0.000 0.000 0.000 0.000 0.000 0.000 0.000 0.000 0.613 0.000
WEI.WEI1   0.000 0.000 0.000 0.000 0.000 0.000 0.000 0.000 0.000 0.000 0.000 0.583
WEI.WEI2   0.000 0.000 0.000 0.000 0.000 0.000 0.000 0.000 0.000 0.000 0.000 0.545
WEI.WEI3   0.000 0.000 0.000 0.000 0.000 0.000 0.000 0.000 0.000 0.000 0.000 0.615
WEI.WEI4   0.000 0.000 0.000 0.000 0.000 0.000 0.000 0.000 0.000 0.000 0.000 0.610
WEI.WEI5   0.000 0.000 0.000 0.000 0.000 0.000 0.000 0.000 0.000 0.000 0.000 0.617
WEI.WEI6   0.000 0.000 0.000 0.000 0.000 0.000 0.000 0.000 0.000 0.000 0.000 0.570
WEI.WEI7   0.000 0.000 0.000 0.000 0.000 0.000 0.000 0.000 0.000 0.000 0.000 0.624
WEI.WEI8   0.000 0.000 0.000 0.000 0.000 0.000 0.000 0.000 0.000 0.000 0.000 0.631


composite reliability
     alpha  rhoC   AVE  rhoA
IoIT 0.650 0.810 0.587 0.651
EoA  0.621 0.828 0.709 0.803
EoI  0.921 0.944 0.808 0.921
IMG  0.859 0.914 0.780 0.859
PEOU 0.866 0.903 0.651 0.866
VIS  0.801 0.882 0.715 0.805
SQR  0.778 0.871 0.692 0.778
SR   0.897 0.928 0.764 0.905
LS   0.894 0.915 0.574 0.895
PPC  0.856 0.893 0.581 0.857
PS   0.939 0.948 0.623 0.940
WEI  0.904 0.923 0.599 0.905

Alpha, rhoC, and rhoA should exceed 0.7 while AVE should exceed 0.5


HTMT (lavaan/semTools)
       IMG  PEOU   VIS   SQR    SR    LS   PPC    PS   WEI
IMG  1.000                                                
PEOU 0.351 1.000                                          
VIS  0.431 0.568 1.000                                    
SQR  0.601 0.373 0.335 1.000                              
SR   0.523 0.053 0.130 0.540 1.000                        
LS   0.551 0.684 0.533 0.515 0.214 1.000                  
PPC  0.517 0.693 0.534 0.513 0.202 0.823 1.000            
PS   0.377 0.747 0.533 0.413 0.095 0.819 0.781 1.000      
WEI  0.534 0.731 0.603 0.522 0.252 0.853 0.781 0.829 1.000
