outer loadings
                IoIT       EoA       EoI       IMG      PEOU       VIS       VOI       PUA       RES       SQR        LS       PPC        PS        PU       TKR
IMG        0.7131596 0.0000000 0.0000000 0.0000000 0.0000000 0.0000000 0.0000000 0.0000000 0.0000000 0.0000000 0.0000000 0.0000000 0.0000000 0.0000000 0.0000000
PEOU       0.8150711 0.0000000 0.0000000 0.0000000 0.0000000 0.0000000 0.0000000 0.0000000 0.0000000 0.0000000 0.0000000 0.0000000 0.0000000 0.0000000 0.0000000
VIS        0.7559961 0.0000000 0.0000000 0.0000000 0.0000000 0.0000000 0.0000000 0.0000000 0.0000000 0.0000000 0.0000000 0.0000000 0.0000000 0.0000000 0.0000000
VOI        0.5080261 0.0000000 0.0000000 0.0000000 0.0000000 0.0000000 0.0000000 0.0000000 0.0000000 0.0000000 0.0000000 0.0000000 0.0000000 0.0000000 0.0000000
PUA        0.0000000 0.8834013 0.0000000 0.0000000 0.0000000 0.0000000 0.0000000 0.0000000 0.0000000 0.0000000 0.0000000 0.0000000 0.0000000 0.0000000 0.0000000
RES        0.0000000 0.8190327 0.0000000 0.0000000 0.0000000 0.0000000 0.0000000 0.0000000 0.0000000 0.0000000 0.0000000 0.0000000 0.0000000 0.0000000 0.0000000
SQR        0.0000000 0.6555950 0.0000000 0.0000000 0.0000000 0.0000000 0.0000000 0.0000000 0.0000000 0.0000000 0.0000000 0.0000000 0.0000000 0.0000000 0.0000000
LS         0.0000000 0.0000000 0.8939474 0.0000000 0.0000000 0.0000000 0.0000000 0.0000000 0.0000000 0.0000000 0.0000000 0.0000000 0.0000000 0.0000000 0.0000000
PPC        0.0000000 0.0000000 0.8750468 0.0000000 0.0000000 0.0000000 0.0000000 0.0000000 0.0000000 0.0000000 0.0000000 0.0000000 0.0000000 0.0000000 0.0000000
PS         0.0000000 0.0000000 0.8910239 0.0000000 0.0000000 0.0000000 0.0000000 0.0000000 0.0000000 0.0000000 0.0000000 0.0000000 0.0000000 0.0000000 0.0000000
PU         0.0000000 0.0000000 0.9069467 0.0000000 0.0000000 0.0000000 0.0000000 0.0000000 0.0000000 0.0000000 0.0000000 0.0000000 0.0000000 0.0000000 0.0000000
TKR        0.0000000 0.0000000 0.6532522 0.0000000 0.0000000 0.0000000 0.0000000 0.0000000 0.0000000 0.0000000 0.0000000 0.0000000 0.0000000 0.0000000 0.0000000
WEI        0.0000000 0.0000000 0.9063766 0.0000000 0.0000000 0.0000000 0.0000000 0.0000000 0.0000000 0.0000000 0.0000000 0.0000000 0.0000000 0.0000000 0.0000000
IMG.IMG1   0.0000000 0.0000000 0.0000000 0.8920864 0.0000000 0.0000000 0.0000000 0.0000000 0.0000000 0.0000000 0.0000000 0.0000000 0.0000000 0.0000000 0.0000000
IMG.IMG2   0.0000000 0.0000000 0.0000000 0.8973114 0.0000000 0.0000000 0.0000000 0.0000000 0.0000000 0.0000000 0.0000000 0.0000000 0.0000000 0.0000000 0.0000000
IMG.IMG3   0.0000000 0.0000000 0.0000000 0.8864144 0.0000000 0.0000000 0.0000000 0.0000000 0.0000000 0.0000000 0.0000000 0.0000000 0.0000000 0.0000000 0.0000000
PEOU.PEOU1 0.0000000 0.0000000 0.0000000 0.0000000 0.7784137 0.0000000 0.0000000 0.0000000 0.0000000 0.0000000 0.0000000 0.0000000 0.0000000 0.0000000 0.0000000
PEOU.PEOU2 0.0000000 0.0000000 0.0000000 0.0000000 0.8082163 0.0000000 0.0000000 0.0000000 0.0000000 0.0000000 0.0000000 0.0000000 0.0000000 0.0000000 0.0000000
PEOU.PEOU3 0.0000000 0.0000000 0.0000000 0.0000000 0.8352792 0.0000000 0.0000000 0.0000000 0.0000000 0.0000000 0.0000000 0.0000000 0.0000000 0.0000000 0.0000000
PEOU.PEOU4 0.0000000 0.0000000 0.0000000 0.0000000 0.8167501 0.0000000 0.0000000 0.0000000 0.0000000 0.0000000 0.0000000 0.0000000 0.0000000 0.0000000 0.0000000
PEOU.PEOU5 0.0000000 0.0000000 0.0000000 0.0000000 0.7080810 0.0000000 0.0000000 0.0000000 0.0000000 0.0000000 0.0000000 0.0000000 0.0000000 0.0000000 0.0000000
PEOU.PEOU6 0.0000000 0.0000000 0.0000000 0.0000000 0.7875378 0.0000000 0.0000000 0.0000000 0.0000000 0.0000000 0.0000000 0.0000000 0.0000000 0.0000000 0.0000000
VIS.VIS1   0.0000000 0.0000000 0.0000000 0.0000000 0.0000000 0.8376564 0.0000000 0.0000000 0.0000000 0.0000000 0.0000000 0.0000000 0.0000000 0.0000000 0.0000000
VIS.VIS2   0.0000000 0.0000000 0.0000000 0.0000000 0.0000000 0.8564341 0.0000000 0.0000000 0.0000000 0.0000000 0.0000000 0.0000000 0.0000000 0.0000000 0.0000000
VIS.VIS3   0.0000000 0.0000000 0.0000000 0.0000000 0.0000000 0.8610826 0.0000000 0.0000000 0.0000000 0.0000000 0.0000000 0.0000000 0.0000000 0.0000000 0.0000000
VOI.VOI1   0.0000000 0.0000000 0.0000000 0.0000000 0.0000000 0.0000000 0.8950566 0.0000000 0.0000000 0.0000000 0.0000000 0.0000000 0.0000000 0.0000000 0.0000000
VOI.VOI2   0.0000000 0.0000000 0.0000000 0.0000000 0.0000000 0.0000000 0.9057492 0.0000000 0.0000000 0.0000000 0.0000000 0.0000000 0.0000000 0.0000000 0.0000000
VOI.VOI3   0.0000000 0.0000000 0.0000000 0.0000000 0.0000000 0.0000000 0.8646712 0.0000000 0.0000000 0.0000000 0.0000000 0.0000000 0.0000000 0.0000000 0.0000000
PUA.PUA1   0.0000000 0.0000000 0.0000000 0.0000000 0.0000000 0.0000000 0.0000000 0.8497215 0.0000000 0.0000000 0.0000000 0.0000000 0.0000000 0.0000000 0.0000000
PUA.PUA2   0.0000000 0.0000000 0.0000000 0.0000000 0.0000000 0.0000000 0.0000000 0.8216950 0.0000000 0.0000000 0.0000000 0.0000000 0.0000000 0.0000000 0.0000000
PUA.PUA3   0.0000000 0.0000000 0.0000000 0.0000000 0.0000000 0.0000000 0.0000000 0.8039666 0.0000000 0.0000000 0.0000000 0.0000000 0.0000000 0.0000000 0.0000000
PUA.PUA4   0.0000000 0.0000000 0.0000000 0.0000000 0.0000000 0.0000000 0.0000000 0.8108586 0.0000000 0.0000000 0.0000000 0.0000000 0.0000000 0.0000000 0.0000000
PUA.PUA5   0.0000000 0.0000000 0.0000000 0.0000000 0.0000000 0.0000000 0.0000000 0.8142283 0.0000000 0.0000000 0.0000000 0.0000000 0.0000000 0.0000000 0.0000000
PUA.PUA7   0.0000000 0.0000000 0.0000000 0.0000000 0.0000000 0.0000000 0.0000000 0.7883004 0.0000000 0.0000000 0.0000000 0.0000000 0.0000000 0.0000000 0.0000000
PUA.PUA8   0.0000000 0.0000000 0.0000000 0.0000000 0.0000000 0.0000000 0.0000000 0.8407211 0.0000000 0.0000000 0.0000000 0.0000000 0.0000000 0.0000000 0.0000000
RES.RES1   0.0000000 0.0000000 0.0000000 0.0000000 0.0000000 0.0000000 0.0000000 0.0000000 0.7630146 0.0000000 0.0000000 0.0000000 0.0000000 0.0000000 0.0000000
RES.RES2   0.0000000 0.0000000 0.0000000 0.0000000 0.0000000 0.0000000 0.0000000 0.0000000 0.8004807 0.0000000 0.0000000 0.0000000 0.0000000 0.0000000 0.0000000
RES.RES3   0.0000000 0.0000000 0.0000000 0.0000000 0.0000000 0.0000000 0.0000000 0.0000000 0.8166544 0.0000000 0.0000000 0.0000000 0.0000000 0.0000000 0.0000000
SQR.SQR1   0.0000000 0.0000000 0.0000000 0.0000000 0.0000000 0.0000000 0.0000000 0.0000000 0.0000000 0.8529178 0.0000000 0.0000000 0.0000000 0.0000000 0.0000000
SQR.SQR2   0.0000000 0.0000000 0.0000000 0.0000000 0.0000000 0.0000000 0.0000000 0.0000000 0.0000000 0.8568661 0.0000000 0.0000000 0.0000000 0.0000000 0.0000000
SQR.SQR3   0.0000000 0.0000000 0.0000000 0.0000000 0.0000000 0.0000000 0.0000000 0.0000000 0.0000000 0.8233475 0.0000000 0.0000000 0.0000000 0.0000000 0.0000000
LS.LS1     0.0000000 0.0000000 0.0000000 0.0000000 0.0000000 0.0000000 0.0000000 0.0000000 0.0000000 0.0000000 0.7445940 0.0000000 0.0000000 0.0000000 0.0000000
LS.LS2     0.0000000 0.0000000 0.0000000 0.0000000 0.0000000 0.0000000 0.0000000 0.0000000 0.0000000 0.0000000 0.7044494 0.0000000 0.0000000 0.0000000 0.0000000
LS.LS3     0.0000000 0.0000000 0.0000000 0.0000000 0.0000000 0.0000000 0.0000000 0.0000000 0.0000000 0.0000000 0.7297159 0.0000000 0.0000000 0.0000000 0.0000000
LS.LS4     0.0000000 0.0000000 0.0000000 0.0000000 0.0000000 0.0000000 0.0000000 0.0000000 0.0000000 0.0000000 0.7961461 0.0000000 0.0000000 0.0000000 0.0000000
LS.LS5     0.0000000 0.0000000 0.0000000 0.0000000 0.0000000 0.0000000 0.0000000 0.0000000 0.0000000 0.0000000 0.7942327 0.0000000 0.0000000 0.0000000 0.0000000
LS.LS6     0.0000000 0.0000000 0.0000000 0.0000000 0.0000000 0.0000000 0.0000000 0.0000000 0.0000000 0.0000000 0.7993755 0.0000000 0.0000000 0.0000000 0.0000000
LS.LS7     0.0000000 0.0000000 0.0000000 0.0000000 0.0000000 0.0000000 0.0000000 0.0000000 0.0000000 0.0000000 0.7507395 0.0000000 0.0000000 0.0000000 0.0000000
LS.LS8     0.0000000 0.0000000 0.0000000 0.0000000 0.0000000 0.0000000 0.0000000 0.0000000 0.0000000 0.0000000 0.8020865 0.0000000 0.0000000 0.0000000 0.0000000
PPC.PPC1   0.0000000 0.0000000 0.0000000 0.0000000 0.0000000 0.0000000 0.0000000 0.0000000 0.0000000 0.0000000 0.0000000 0.8045485 0.0000000 0.0000000 0.0000000
PPC.PPC2   0.0000000 0.0000000 0.0000000 0.0000000 0.0000000 0.0000000 0.0000000 0.0000000 0.0000000 0.0000000 0.0000000 0.7040714 0.0000000 0.0000000 0.0000000
PPC.PPC3   0.0000000 0.0000000 0.0000000 0.0000000 0.0000000 0.0000000 0.0000000 0.0000000 0.0000000 0.0000000 0.0000000 0.7658906 0.0000000 0.0000000 0.0000000
PPC.PPC4   0.0000000 0.0000000 0.0000000 0.0000000 0.0000000 0.0000000 0.0000000 0.0000000 0.0000000 0.0000000 0.0000000 0.8092344 0.0000000 0.0000000 0.0000000
PPC.PPC5   0.0000000 0.0000000 0.0000000 0.0000000 0.0000000 0.0000000 0.0000000 0.0000000 0.0000000 0.0000000 0.0000000 0.7558579 0.0000000 0.0000000 0.0000000
PPC.PPC6   0.0000000 0.0000000 0.0000000 0.0000000 0.0000000 0.0000000 0.0000000 0.0000000 0.0000000 0.0000000 0.0000000 0.8078920 0.0000000 0.0000000 0.0000000
PS.PS1     0.0000000 0.0000000 0.0000000 0.0000000 0.0000000 0.0000000 0.0000000 0.0000000 0.0000000 0.0000000 0.0000000 0.0000000 0.8426806 0.0000000 0.0000000
PS.PS2     0.0000000 0.0000000 0.0000000 0.0000000 0.0000000 0.0000000 0.0000000 0.0000000 0.0000000 0.0000000 0.0000000 0.0000000 0.8203239 0.0000000 0.0000000
PS.PS3     0.0000000 0.0000000 0.0000000 0.0000000 0.0000000 0.0000000 0.0000000 0.0000000 0.0000000 0.0000000 0.0000000 0.0000000 0.8229324 0.0000000 0.0000000
PS.PS4     0.0000000 0.0000000 0.0000000 0.0000000 0.0000000 0.0000000 0.0000000 0.0000000 0.0000000 0.0000000 0.0000000 0.0000000 0.7886177 0.0000000 0.0000000
PS.PS5     0.0000000 0.0000000 0.0000000 0.0000000 0.0000000 0.0000000 0.0000000 0.0000000 0.0000000 0.0000000 0.0000000 0.0000000 0.7805909 0.0000000 0.0000000
PS.PS6     0.0000000 0.0000000 0.0000000 0.0000000 0.0000000 0.0000000 0.0000000 0.0000000 0.0000000 0.0000000 0.0000000 0.0000000 0.7832708 0.0000000 0.0000000
PS.PS7     0.0000000 0.0000000 0.0000000 0.0000000 0.0000000 0.0000000 0.0000000 0.0000000 0.0000000 0.0000000 0.0000000 0.0000000 0.8112459 0.0000000 0.0000000
PS.PS8     0.0000000 0.0000000 0.0000000 0.0000000 0.0000000 0.0000000 0.0000000 0.0000000 0.0000000 0.0000000 0.0000000 0.0000000 0.7796432 0.0000000 0.0000000
PS.PS9     0.0000000 0.0000000 0.0000000 0.0000000 0.0000000 0.0000000 0.0000000 0.0000000 0.0000000 0.0000000 0.0000000 0.0000000 0.8102556 0.0000000 0.0000000
PS.PS10    0.0000000 0.0000000 0.0000000 0.0000000 0.0000000 0.0000000 0.0000000 0.0000000 0.0000000 0.0000000 0.0000000 0.0000000 0.7505936 0.0000000 0.0000000
PS.PS11    0.0000000 0.0000000 0.0000000 0.0000000 0.0000000 0.0000000 0.0000000 0.0000000 0.0000000 0.0000000 0.0000000 0.0000000 0.7835973 0.0000000 0.0000000
PU.PUI1    0.0000000 0.0000000 0.0000000 0.0000000 0.0000000 0.0000000 0.0000000 0.0000000 0.0000000 0.0000000 0.0000000 0.0000000 0.0000000 0.8297221 0.0000000
PU.PUI2    0.0000000 0.0000000 0.0000000 0.0000000 0.0000000 0.0000000 0.0000000 0.0000000 0.0000000 0.0000000 0.0000000 0.0000000 0.0000000 0.8301604 0.0000000
PU.PUI3    0.0000000 0.0000000 0.0000000 0.0000000 0.0000000 0.0000000 0.0000000 0.0000000 0.0000000 0.0000000 0.0000000 0.0000000 0.0000000 0.8293911 0.0000000
PU.PUI4    0.0000000 0.0000000 0.0000000 0.0000000 0.0000000 0.0000000 0.0000000 0.0000000 0.0000000 0.0000000 0.0000000 0.0000000 0.0000000 0.7860986 0.0000000
PU.PUI5    0.0000000 0.0000000 0.0000000 0.0000000 0.0000000 0.0000000 0.0000000 0.0000000 0.0000000 0.0000000 0.0000000 0.0000000 0.0000000 0.8303255 0.0000000
PU.PUI7    0.0000000 0.0000000 0.0000000 0.0000000 0.0000000 0.0000000 0.0000000 0.0000000 0.0000000 0.0000000 0.0000000 0.0000000 0.0000000 0.8287174 0.0000000
PU.PUI8    0.0000000 0.0000000 0.0000000 0.0000000 0.0000000 0.0000000 0.0000000 0.0000000 0.0000000 0.0000000 0.0000000 0.0000000 0.0000000 0.8102244 0.0000000
TKR.TKR1   0.0000000 0.0000000 0.0000000 0.0000000 0.0000000 0.0000000 0.0000000 0.0000000 0.0000000 0.0000000 0.0000000 0.0000000 0.0000000 0.0000000 0.8485855
TKR.TKR2   0.0000000 0.0000000 0.0000000 0.0000000 0.0000000 0.0000000 0.0000000 0.0000000 0.0000000 0.0000000 0.0000000 0.0000000 0.0000000 0.0000000 0.8511757
TKR.TKR3   0.0000000 0.0000000 0.0000000 0.0000000 0.0000000 0.0000000 0.0000000 0.0000000 0.0000000 0.0000000 0.0000000 0.0000000 0.0000000 0.0000000 0.8091100
TKR.TKR4   0.0000000 0.0000000 0.0000000 0.0000000 0.0000000 0.0000000 0.0000000 0.0000000 0.0000000 0.0000000 0.0000000 0.0000000 0.0000000 0.0000000 0.8144168
WEI.WEI1   0.0000000 0.0000000 0.0000000 0.0000000 0.0000000 0.0000000 0.0000000 0.0000000 0.0000000 0.0000000 0.0000000 0.0000000 0.0000000 0.0000000 0.0000000
WEI.WEI2   0.0000000 0.0000000 0.0000000 0.0000000 0.0000000 0.0000000 0.0000000 0.0000000 0.0000000 0.0000000 0.0000000 0.0000000 0.0000000 0.0000000 0.0000000
WEI.WEI3   0.0000000 0.0000000 0.0000000 0.0000000 0.0000000 0.0000000 0.0000000 0.0000000 0.0000000 0.0000000 0.0000000 0.0000000 0.0000000 0.0000000 0.0000000
WEI.WEI4   0.0000000 0.0000000 0.0000000 0.0000000 0.0000000 0.0000000 0.0000000 0.0000000 0.0000000 0.0000000 0.0000000 0.0000000 0.0000000 0.0000000 0.0000000
WEI.WEI5   0.0000000 0.0000000 0.0000000 0.0000000 0.0000000 0.0000000 0.0000000 0.0000000 0.0000000 0.0000000 0.0000000 0.0000000 0.0000000 0.0000000 0.0000000
WEI.WEI6   0.0000000 0.0000000 0.0000000 0.0000000 0.0000000 0.0000000 0.0000000 0.0000000 0.0000000 0.0000000 0.0000000 0.0000000 0.0000000 0.0000000 0.0000000
WEI.WEI7   0.0000000 0.0000000 0.0000000 0.0000000 0.0000000 0.0000000 0.0000000 0.0000000 0.0000000 0.0000000 0.0000000 0.0000000 0.0000000 0.0000000 0.0000000
WEI.WEI8   0.0000000 0.0000000 0.0000000 0.0000000 0.0000000 0.0000000 0.0000000 0.0000000 0.0000000 0.0000000 0.0000000 0.0000000 0.0000000 0.0000000 0.0000000
                 WEI
IMG        0.0000000
PEOU       0.0000000
VIS        0.0000000
VOI        0.0000000
PUA        0.0000000
RES        0.0000000
SQR        0.0000000
LS         0.0000000
PPC        0.0000000
PS         0.0000000
PU         0.0000000
TKR        0.0000000
WEI        0.0000000
IMG.IMG1   0.0000000
IMG.IMG2   0.0000000
IMG.IMG3   0.0000000
PEOU.PEOU1 0.0000000
PEOU.PEOU2 0.0000000
PEOU.PEOU3 0.0000000
PEOU.PEOU4 0.0000000
PEOU.PEOU5 0.0000000
PEOU.PEOU6 0.0000000
VIS.VIS1   0.0000000
VIS.VIS2   0.0000000
VIS.VIS3   0.0000000
VOI.VOI1   0.0000000
VOI.VOI2   0.0000000
VOI.VOI3   0.0000000
PUA.PUA1   0.0000000
PUA.PUA2   0.0000000
PUA.PUA3   0.0000000
PUA.PUA4   0.0000000
PUA.PUA5   0.0000000
PUA.PUA7   0.0000000
PUA.PUA8   0.0000000
RES.RES1   0.0000000
RES.RES2   0.0000000
RES.RES3   0.0000000
SQR.SQR1   0.0000000
SQR.SQR2   0.0000000
SQR.SQR3   0.0000000
LS.LS1     0.0000000
LS.LS2     0.0000000
LS.LS3     0.0000000
LS.LS4     0.0000000
LS.LS5     0.0000000
LS.LS6     0.0000000
LS.LS7     0.0000000
LS.LS8     0.0000000
PPC.PPC1   0.0000000
PPC.PPC2   0.0000000
PPC.PPC3   0.0000000
PPC.PPC4   0.0000000
PPC.PPC5   0.0000000
PPC.PPC6   0.0000000
PS.PS1     0.0000000
PS.PS2     0.0000000
PS.PS3     0.0000000
PS.PS4     0.0000000
PS.PS5     0.0000000
PS.PS6     0.0000000
PS.PS7     0.0000000
PS.PS8     0.0000000
PS.PS9     0.0000000
PS.PS10    0.0000000
PS.PS11    0.0000000
PU.PUI1    0.0000000
PU.PUI2    0.0000000
PU.PUI3    0.0000000
PU.PUI4    0.0000000
PU.PUI5    0.0000000
PU.PUI7    0.0000000
PU.PUI8    0.0000000
TKR.TKR1   0.0000000
TKR.TKR2   0.0000000
TKR.TKR3   0.0000000
TKR.TKR4   0.0000000
WEI.WEI1   0.7597187
WEI.WEI2   0.7538016
WEI.WEI3   0.7809634
WEI.WEI4   0.7838332
WEI.WEI5   0.8124616
WEI.WEI6   0.7622226
WEI.WEI7   0.7886209
WEI.WEI8   0.8272011


outer weights
                IoIT       EoA       EoI       IMG      PEOU       VIS       VOI       PUA       RES       SQR        LS       PPC        PS        PU       TKR
IMG        0.3303731 0.0000000 0.0000000 0.0000000 0.0000000 0.0000000 0.0000000 0.0000000 0.0000000 0.0000000 0.0000000 0.0000000 0.0000000 0.0000000 0.0000000
PEOU       0.5113558 0.0000000 0.0000000 0.0000000 0.0000000 0.0000000 0.0000000 0.0000000 0.0000000 0.0000000 0.0000000 0.0000000 0.0000000 0.0000000 0.0000000
VIS        0.3499164 0.0000000 0.0000000 0.0000000 0.0000000 0.0000000 0.0000000 0.0000000 0.0000000 0.0000000 0.0000000 0.0000000 0.0000000 0.0000000 0.0000000
VOI        0.1635044 0.0000000 0.0000000 0.0000000 0.0000000 0.0000000 0.0000000 0.0000000 0.0000000 0.0000000 0.0000000 0.0000000 0.0000000 0.0000000 0.0000000
PUA        0.0000000 0.5018623 0.0000000 0.0000000 0.0000000 0.0000000 0.0000000 0.0000000 0.0000000 0.0000000 0.0000000 0.0000000 0.0000000 0.0000000 0.0000000
RES        0.0000000 0.4088897 0.0000000 0.0000000 0.0000000 0.0000000 0.0000000 0.0000000 0.0000000 0.0000000 0.0000000 0.0000000 0.0000000 0.0000000 0.0000000
SQR        0.0000000 0.3382579 0.0000000 0.0000000 0.0000000 0.0000000 0.0000000 0.0000000 0.0000000 0.0000000 0.0000000 0.0000000 0.0000000 0.0000000 0.0000000
LS         0.0000000 0.0000000 0.1988931 0.0000000 0.0000000 0.0000000 0.0000000 0.0000000 0.0000000 0.0000000 0.0000000 0.0000000 0.0000000 0.0000000 0.0000000
PPC        0.0000000 0.0000000 0.1931976 0.0000000 0.0000000 0.0000000 0.0000000 0.0000000 0.0000000 0.0000000 0.0000000 0.0000000 0.0000000 0.0000000 0.0000000
PS         0.0000000 0.0000000 0.2030812 0.0000000 0.0000000 0.0000000 0.0000000 0.0000000 0.0000000 0.0000000 0.0000000 0.0000000 0.0000000 0.0000000 0.0000000
PU         0.0000000 0.0000000 0.2055640 0.0000000 0.0000000 0.0000000 0.0000000 0.0000000 0.0000000 0.0000000 0.0000000 0.0000000 0.0000000 0.0000000 0.0000000
TKR        0.0000000 0.0000000 0.1494610 0.0000000 0.0000000 0.0000000 0.0000000 0.0000000 0.0000000 0.0000000 0.0000000 0.0000000 0.0000000 0.0000000 0.0000000
WEI        0.0000000 0.0000000 0.2075534 0.0000000 0.0000000 0.0000000 0.0000000 0.0000000 0.0000000 0.0000000 0.0000000 0.0000000 0.0000000 0.0000000 0.0000000
IMG.IMG1   0.0000000 0.0000000 0.0000000 0.3537900 0.0000000 0.0000000 0.0000000 0.0000000 0.0000000 0.0000000 0.0000000 0.0000000 0.0000000 0.0000000 0.0000000
IMG.IMG2   0.0000000 0.0000000 0.0000000 0.3777292 0.0000000 0.0000000 0.0000000 0.0000000 0.0000000 0.0000000 0.0000000 0.0000000 0.0000000 0.0000000 0.0000000
IMG.IMG3   0.0000000 0.0000000 0.0000000 0.3897140 0.0000000 0.0000000 0.0000000 0.0000000 0.0000000 0.0000000 0.0000000 0.0000000 0.0000000 0.0000000 0.0000000
PEOU.PEOU1 0.0000000 0.0000000 0.0000000 0.0000000 0.2254195 0.0000000 0.0000000 0.0000000 0.0000000 0.0000000 0.0000000 0.0000000 0.0000000 0.0000000 0.0000000
PEOU.PEOU2 0.0000000 0.0000000 0.0000000 0.0000000 0.2167846 0.0000000 0.0000000 0.0000000 0.0000000 0.0000000 0.0000000 0.0000000 0.0000000 0.0000000 0.0000000
PEOU.PEOU3 0.0000000 0.0000000 0.0000000 0.0000000 0.2164142 0.0000000 0.0000000 0.0000000 0.0000000 0.0000000 0.0000000 0.0000000 0.0000000 0.0000000 0.0000000
PEOU.PEOU4 0.0000000 0.0000000 0.0000000 0.0000000 0.2098842 0.0000000 0.0000000 0.0000000 0.0000000 0.0000000 0.0000000 0.0000000 0.0000000 0.0000000 0.0000000
PEOU.PEOU5 0.0000000 0.0000000 0.0000000 0.0000000 0.1788695 0.0000000 0.0000000 0.0000000 0.0000000 0.0000000 0.0000000 0.0000000 0.0000000 0.0000000 0.0000000
PEOU.PEOU6 0.0000000 0.0000000 0.0000000 0.0000000 0.2164699 0.0000000 0.0000000 0.0000000 0.0000000 0.0000000 0.0000000 0.0000000 0.0000000 0.0000000 0.0000000
VIS.VIS1   0.0000000 0.0000000 0.0000000 0.0000000 0.0000000 0.4146372 0.0000000 0.0000000 0.0000000 0.0000000 0.0000000 0.0000000 0.0000000 0.0000000 0.0000000
VIS.VIS2   0.0000000 0.0000000 0.0000000 0.0000000 0.0000000 0.3836348 0.0000000 0.0000000 0.0000000 0.0000000 0.0000000 0.0000000 0.0000000 0.0000000 0.0000000
VIS.VIS3   0.0000000 0.0000000 0.0000000 0.0000000 0.0000000 0.3764082 0.0000000 0.0000000 0.0000000 0.0000000 0.0000000 0.0000000 0.0000000 0.0000000 0.0000000
VOI.VOI1   0.0000000 0.0000000 0.0000000 0.0000000 0.0000000 0.0000000 0.4064188 0.0000000 0.0000000 0.0000000 0.0000000 0.0000000 0.0000000 0.0000000 0.0000000
VOI.VOI2   0.0000000 0.0000000 0.0000000 0.0000000 0.0000000 0.0000000 0.3688171 0.0000000 0.0000000 0.0000000 0.0000000 0.0000000 0.0000000 0.0000000 0.0000000
VOI.VOI3   0.0000000 0.0000000 0.0000000 0.0000000 0.0000000 0.0000000 0.3494698 0.0000000 0.0000000 0.0000000 0.0000000 0.0000000 0.0000000 0.0000000 0.0000000
PUA.PUA1   0.0000000 0.0000000 0.0000000 0.0000000 0.0000000 0.0000000 0.0000000 0.1787705 0.0000000 0.0000000 0.0000000 0.0000000 0.0000000 0.0000000 0.0000000
PUA.PUA2   0.0000000 0.0000000 0.0000000 0.0000000 0.0000000 0.0000000 0.0000000 0.1709579 0.0000000 0.0000000 0.0000000 0.0000000 0.0000000 0.0000000 0.0000000
PUA.PUA3   0.0000000 0.0000000 0.0000000 0.0000000 0.0000000 0.0000000 0.0000000 0.1780332 0.0000000 0.0000000 0.0000000 0.0000000 0.0000000 0.0000000 0.0000000
PUA.PUA4   0.0000000 0.0000000 0.0000000 0.0000000 0.0000000 0.0000000 0.0000000 0.1748138 0.0000000 0.0000000 0.0000000 0.0000000 0.0000000 0.0000000 0.0000000
PUA.PUA5   0.0000000 0.0000000 0.0000000 0.0000000 0.0000000 0.0000000 0.0000000 0.1749741 0.0000000 0.0000000 0.0000000 0.0000000 0.0000000 0.0000000 0.0000000
PUA.PUA7   0.0000000 0.0000000 0.0000000 0.0000000 0.0000000 0.0000000 0.0000000 0.1673745 0.0000000 0.0000000 0.0000000 0.0000000 0.0000000 0.0000000 0.0000000
PUA.PUA8   0.0000000 0.0000000 0.0000000 0.0000000 0.0000000 0.0000000 0.0000000 0.1764287 0.0000000 0.0000000 0.0000000 0.0000000 0.0000000 0.0000000 0.0000000
RES.RES1   0.0000000 0.0000000 0.0000000 0.0000000 0.0000000 0.0000000 0.0000000 0.0000000 0.3883065 0.0000000 0.0000000 0.0000000 0.0000000 0.0000000 0.0000000
RES.RES2   0.0000000 0.0000000 0.0000000 0.0000000 0.0000000 0.0000000 0.0000000 0.0000000 0.4104287 0.0000000 0.0000000 0.0000000 0.0000000 0.0000000 0.0000000
RES.RES3   0.0000000 0.0000000 0.0000000 0.0000000 0.0000000 0.0000000 0.0000000 0.0000000 0.4594064 0.0000000 0.0000000 0.0000000 0.0000000 0.0000000 0.0000000
SQR.SQR1   0.0000000 0.0000000 0.0000000 0.0000000 0.0000000 0.0000000 0.0000000 0.0000000 0.0000000 0.4074787 0.0000000 0.0000000 0.0000000 0.0000000 0.0000000
SQR.SQR2   0.0000000 0.0000000 0.0000000 0.0000000 0.0000000 0.0000000 0.0000000 0.0000000 0.0000000 0.3702337 0.0000000 0.0000000 0.0000000 0.0000000 0.0000000
SQR.SQR3   0.0000000 0.0000000 0.0000000 0.0000000 0.0000000 0.0000000 0.0000000 0.0000000 0.0000000 0.4071349 0.0000000 0.0000000 0.0000000 0.0000000 0.0000000
LS.LS1     0.0000000 0.0000000 0.0000000 0.0000000 0.0000000 0.0000000 0.0000000 0.0000000 0.0000000 0.0000000 0.1724697 0.0000000 0.0000000 0.0000000 0.0000000
LS.LS2     0.0000000 0.0000000 0.0000000 0.0000000 0.0000000 0.0000000 0.0000000 0.0000000 0.0000000 0.0000000 0.1464548 0.0000000 0.0000000 0.0000000 0.0000000
LS.LS3     0.0000000 0.0000000 0.0000000 0.0000000 0.0000000 0.0000000 0.0000000 0.0000000 0.0000000 0.0000000 0.1488591 0.0000000 0.0000000 0.0000000 0.0000000
LS.LS4     0.0000000 0.0000000 0.0000000 0.0000000 0.0000000 0.0000000 0.0000000 0.0000000 0.0000000 0.0000000 0.1635126 0.0000000 0.0000000 0.0000000 0.0000000
LS.LS5     0.0000000 0.0000000 0.0000000 0.0000000 0.0000000 0.0000000 0.0000000 0.0000000 0.0000000 0.0000000 0.1685857 0.0000000 0.0000000 0.0000000 0.0000000
LS.LS6     0.0000000 0.0000000 0.0000000 0.0000000 0.0000000 0.0000000 0.0000000 0.0000000 0.0000000 0.0000000 0.1846740 0.0000000 0.0000000 0.0000000 0.0000000
LS.LS7     0.0000000 0.0000000 0.0000000 0.0000000 0.0000000 0.0000000 0.0000000 0.0000000 0.0000000 0.0000000 0.1569126 0.0000000 0.0000000 0.0000000 0.0000000
LS.LS8     0.0000000 0.0000000 0.0000000 0.0000000 0.0000000 0.0000000 0.0000000 0.0000000 0.0000000 0.0000000 0.1624323 0.0000000 0.0000000 0.0000000 0.0000000
PPC.PPC1   0.0000000 0.0000000 0.0000000 0.0000000 0.0000000 0.0000000 0.0000000 0.0000000 0.0000000 0.0000000 0.0000000 0.2280848 0.0000000 0.0000000 0.0000000
PPC.PPC2   0.0000000 0.0000000 0.0000000 0.0000000 0.0000000 0.0000000 0.0000000 0.0000000 0.0000000 0.0000000 0.0000000 0.1801879 0.0000000 0.0000000 0.0000000
PPC.PPC3   0.0000000 0.0000000 0.0000000 0.0000000 0.0000000 0.0000000 0.0000000 0.0000000 0.0000000 0.0000000 0.0000000 0.2113792 0.0000000 0.0000000 0.0000000
PPC.PPC4   0.0000000 0.0000000 0.0000000 0.0000000 0.0000000 0.0000000 0.0000000 0.0000000 0.0000000 0.0000000 0.0000000 0.2258675 0.0000000 0.0000000 0.0000000
PPC.PPC5   0.0000000 0.0000000 0.0000000 0.0000000 0.0000000 0.0000000 0.0000000 0.0000000 0.0000000 0.0000000 0.0000000 0.2189881 0.0000000 0.0000000 0.0000000
PPC.PPC6   0.0000000 0.0000000 0.0000000 0.0000000 0.0000000 0.0000000 0.0000000 0.0000000 0.0000000 0.0000000 0.0000000 0.2220998 0.0000000 0.0000000 0.0000000
PS.PS1     0.0000000 0.0000000 0.0000000 0.0000000 0.0000000 0.0000000 0.0000000 0.0000000 0.0000000 0.0000000 0.0000000 0.0000000 0.1230875 0.0000000 0.0000000
PS.PS2     0.0000000 0.0000000 0.0000000 0.0000000 0.0000000 0.0000000 0.0000000 0.0000000 0.0000000 0.0000000 0.0000000 0.0000000 0.1171083 0.0000000 0.0000000
PS.PS3     0.0000000 0.0000000 0.0000000 0.0000000 0.0000000 0.0000000 0.0000000 0.0000000 0.0000000 0.0000000 0.0000000 0.0000000 0.1161355 0.0000000 0.0000000
PS.PS4     0.0000000 0.0000000 0.0000000 0.0000000 0.0000000 0.0000000 0.0000000 0.0000000 0.0000000 0.0000000 0.0000000 0.0000000 0.1093356 0.0000000 0.0000000
PS.PS5     0.0000000 0.0000000 0.0000000 0.0000000 0.0000000 0.0000000 0.0000000 0.0000000 0.0000000 0.0000000 0.0000000 0.0000000 0.1106241 0.0000000 0.0000000
PS.PS6     0.0000000 0.0000000 0.0000000 0.0000000 0.0000000 0.0000000 0.0000000 0.0000000 0.0000000 0.0000000 0.0000000 0.0000000 0.1158526 0.0000000 0.0000000
PS.PS7     0.0000000 0.0000000 0.0000000 0.0000000 0.0000000 0.0000000 0.0000000 0.0000000 0.0000000 0.0000000 0.0000000 0.0000000 0.1169787 0.0000000 0.0000000
PS.PS8     0.0000000 0.0000000 0.0000000 0.0000000 0.0000000 0.0000000 0.0000000 0.0000000 0.0000000 0.0000000 0.0000000 0.0000000 0.1084058 0.0000000 0.0000000
PS.PS9     0.0000000 0.0000000 0.0000000 0.0000000 0.0000000 0.0000000 0.0000000 0.0000000 0.0000000 0.0000000 0.0000000 0.0000000 0.1156412 0.0000000 0.0000000
PS.PS10    0.0000000 0.0000000 0.0000000 0.0000000 0.0000000 0.0000000 0.0000000 0.0000000 0.0000000 0.0000000 0.0000000 0.0000000 0.1075094 0.0000000 0.0000000
PS.PS11    0.0000000 0.0000000 0.0000000 0.0000000 0.0000000 0.0000000 0.0000000 0.0000000 0.0000000 0.0000000 0.0000000 0.0000000 0.1116731 0.0000000 0.0000000
PU.PUI1    0.0000000 0.0000000 0.0000000 0.0000000 0.0000000 0.0000000 0.0000000 0.0000000 0.0000000 0.0000000 0.0000000 0.0000000 0.0000000 0.1825267 0.0000000
PU.PUI2    0.0000000 0.0000000 0.0000000 0.0000000 0.0000000 0.0000000 0.0000000 0.0000000 0.0000000 0.0000000 0.0000000 0.0000000 0.0000000 0.1708324 0.0000000
PU.PUI3    0.0000000 0.0000000 0.0000000 0.0000000 0.0000000 0.0000000 0.0000000 0.0000000 0.0000000 0.0000000 0.0000000 0.0000000 0.0000000 0.1724136 0.0000000
PU.PUI4    0.0000000 0.0000000 0.0000000 0.0000000 0.0000000 0.0000000 0.0000000 0.0000000 0.0000000 0.0000000 0.0000000 0.0000000 0.0000000 0.1652761 0.0000000
PU.PUI5    0.0000000 0.0000000 0.0000000 0.0000000 0.0000000 0.0000000 0.0000000 0.0000000 0.0000000 0.0000000 0.0000000 0.0000000 0.0000000 0.1761255 0.0000000
PU.PUI7    0.0000000 0.0000000 0.0000000 0.0000000 0.0000000 0.0000000 0.0000000 0.0000000 0.0000000 0.0000000 0.0000000 0.0000000 0.0000000 0.1817847 0.0000000
PU.PUI8    0.0000000 0.0000000 0.0000000 0.0000000 0.0000000 0.0000000 0.0000000 0.0000000 0.0000000 0.0000000 0.0000000 0.0000000 0.0000000 0.1689952 0.0000000
TKR.TKR1   0.0000000 0.0000000 0.0000000 0.0000000 0.0000000 0.0000000 0.0000000 0.0000000 0.0000000 0.0000000 0.0000000 0.0000000 0.0000000 0.0000000 0.2872099
TKR.TKR2   0.0000000 0.0000000 0.0000000 0.0000000 0.0000000 0.0000000 0.0000000 0.0000000 0.0000000 0.0000000 0.0000000 0.0000000 0.0000000 0.0000000 0.2996712
TKR.TKR3   0.0000000 0.0000000 0.0000000 0.0000000 0.0000000 0.0000000 0.0000000 0.0000000 0.0000000 0.0000000 0.0000000 0.0000000 0.0000000 0.0000000 0.3074509
TKR.TKR4   0.0000000 0.0000000 0.0000000 0.0000000 0.0000000 0.0000000 0.0000000 0.0000000 0.0000000 0.0000000 0.0000000 0.0000000 0.0000000 0.0000000 0.3099684
WEI.WEI1   0.0000000 0.0000000 0.0000000 0.0000000 0.0000000 0.0000000 0.0000000 0.0000000 0.0000000 0.0000000 0.0000000 0.0000000 0.0000000 0.0000000 0.0000000
WEI.WEI2   0.0000000 0.0000000 0.0000000 0.0000000 0.0000000 0.0000000 0.0000000 0.0000000 0.0000000 0.0000000 0.0000000 0.0000000 0.0000000 0.0000000 0.0000000
WEI.WEI3   0.0000000 0.0000000 0.0000000 0.0000000 0.0000000 0.0000000 0.0000000 0.0000000 0.0000000 0.0000000 0.0000000 0.0000000 0.0000000 0.0000000 0.0000000
WEI.WEI4   0.0000000 0.0000000 0.0000000 0.0000000 0.0000000 0.0000000 0.0000000 0.0000000 0.0000000 0.0000000 0.0000000 0.0000000 0.0000000 0.0000000 0.0000000
WEI.WEI5   0.0000000 0.0000000 0.0000000 0.0000000 0.0000000 0.0000000 0.0000000 0.0000000 0.0000000 0.0000000 0.0000000 0.0000000 0.0000000 0.0000000 0.0000000
WEI.WEI6   0.0000000 0.0000000 0.0000000 0.0000000 0.0000000 0.0000000 0.0000000 0.0000000 0.0000000 0.0000000 0.0000000 0.0000000 0.0000000 0.0000000 0.0000000
WEI.WEI7   0.0000000 0.0000000 0.0000000 0.0000000 0.0000000 0.0000000 0.0000000 0.0000000 0.0000000 0.0000000 0.0000000 0.0000000 0.0000000 0.0000000 0.0000000
WEI.WEI8   0.0000000 0.0000000 0.0000000 0.0000000 0.0000000 0.0000000 0.0000000 0.0000000 0.0000000 0.0000000 0.0000000 0.0000000 0.0000000 0.0000000 0.0000000
                 WEI
IMG        0.0000000
PEOU       0.0000000
VIS        0.0000000
VOI        0.0000000
PUA        0.0000000
RES        0.0000000
SQR        0.0000000
LS         0.0000000
PPC        0.0000000
PS         0.0000000
PU         0.0000000
TKR        0.0000000
WEI        0.0000000
IMG.IMG1   0.0000000
IMG.IMG2   0.0000000
IMG.IMG3   0.0000000
PEOU.PEOU1 0.0000000
PEOU.PEOU2 0.0000000
PEOU.PEOU3 0.0000000
PEOU.PEOU4 0.0000000
PEOU.PEOU5 0.0000000
PEOU.PEOU6 0.0000000
VIS.VIS1   0.0000000
VIS.VIS2   0.0000000
VIS.VIS3   0.0000000
VOI.VOI1   0.0000000
VOI.VOI2   0.0000000
VOI.VOI3   0.0000000
PUA.PUA1   0.0000000
PUA.PUA2   0.0000000
PUA.PUA3   0.0000000
PUA.PUA4   0.0000000
PUA.PUA5   0.0000000
PUA.PUA7   0.0000000
PUA.PUA8   0.0000000
RES.RES1   0.0000000
RES.RES2   0.0000000
RES.RES3   0.0000000
SQR.SQR1   0.0000000
SQR.SQR2   0.0000000
SQR.SQR3   0.0000000
LS.LS1     0.0000000
LS.LS2     0.0000000
LS.LS3     0.0000000
LS.LS4     0.0000000
LS.LS5     0.0000000
LS.LS6     0.0000000
LS.LS7     0.0000000
LS.LS8     0.0000000
PPC.PPC1   0.0000000
PPC.PPC2   0.0000000
PPC.PPC3   0.0000000
PPC.PPC4   0.0000000
PPC.PPC5   0.0000000
PPC.PPC6   0.0000000
PS.PS1     0.0000000
PS.PS2     0.0000000
PS.PS3     0.0000000
PS.PS4     0.0000000
PS.PS5     0.0000000
PS.PS6     0.0000000
PS.PS7     0.0000000
PS.PS8     0.0000000
PS.PS9     0.0000000
PS.PS10    0.0000000
PS.PS11    0.0000000
PU.PUI1    0.0000000
PU.PUI2    0.0000000
PU.PUI3    0.0000000
PU.PUI4    0.0000000
PU.PUI5    0.0000000
PU.PUI7    0.0000000
PU.PUI8    0.0000000
TKR.TKR1   0.0000000
TKR.TKR2   0.0000000
TKR.TKR3   0.0000000
TKR.TKR4   0.0000000
WEI.WEI1   0.1536484
WEI.WEI2   0.1557692
WEI.WEI3   0.1625475
WEI.WEI4   0.1583823
WEI.WEI5   0.1679883
WEI.WEI6   0.1481626
WEI.WEI7   0.1636326
WEI.WEI8   0.1647741


path coef
     IoIT       EoA       EoI
IoIT    0 0.7451268 0.2753829
EoA     0 0.0000000 0.6841422
EoI     0 0.0000000 0.0000000
