            IoIT   EoA   EoI   IMG  PEOU   VIS   VOI   PUA   RES   SQR    LS   PPC    PS    PU   TKR   WEI
IMG        0.509 0.000 0.000 0.000 0.000 0.000 0.000 0.000 0.000 0.000 0.000 0.000 0.000 0.000 0.000 0.000
PEOU       0.664 0.000 0.000 0.000 0.000 0.000 0.000 0.000 0.000 0.000 0.000 0.000 0.000 0.000 0.000 0.000
VIS        0.572 0.000 0.000 0.000 0.000 0.000 0.000 0.000 0.000 0.000 0.000 0.000 0.000 0.000 0.000 0.000
VOI        0.258 0.000 0.000 0.000 0.000 0.000 0.000 0.000 0.000 0.000 0.000 0.000 0.000 0.000 0.000 0.000
PUA        0.000 0.780 0.000 0.000 0.000 0.000 0.000 0.000 0.000 0.000 0.000 0.000 0.000 0.000 0.000 0.000
RES        0.000 0.671 0.000 0.000 0.000 0.000 0.000 0.000 0.000 0.000 0.000 0.000 0.000 0.000 0.000 0.000
SQR        0.000 0.430 0.000 0.000 0.000 0.000 0.000 0.000 0.000 0.000 0.000 0.000 0.000 0.000 0.000 0.000
LS         0.000 0.000 0.799 0.000 0.000 0.000 0.000 0.000 0.000 0.000 0.000 0.000 0.000 0.000 0.000 0.000
PPC        0.000 0.000 0.766 0.000 0.000 0.000 0.000 0.000 0.000 0.000 0.000 0.000 0.000 0.000 0.000 0.000
PS         0.000 0.000 0.794 0.000 0.000 0.000 0.000 0.000 0.000 0.000 0.000 0.000 0.000 0.000 0.000 0.000
PU         0.000 0.000 0.823 0.000 0.000 0.000 0.000 0.000 0.000 0.000 0.000 0.000 0.000 0.000 0.000 0.000
TKR        0.000 0.000 0.427 0.000 0.000 0.000 0.000 0.000 0.000 0.000 0.000 0.000 0.000 0.000 0.000 0.000
WEI        0.000 0.000 0.822 0.000 0.000 0.000 0.000 0.000 0.000 0.000 0.000 0.000 0.000 0.000 0.000 0.000
IMG.IMG1   0.000 0.000 0.000 0.796 0.000 0.000 0.000 0.000 0.000 0.000 0.000 0.000 0.000 0.000 0.000 0.000
IMG.IMG2   0.000 0.000 0.000 0.805 0.000 0.000 0.000 0.000 0.000 0.000 0.000 0.000 0.000 0.000 0.000 0.000
IMG.IMG3   0.000 0.000 0.000 0.786 0.000 0.000 0.000 0.000 0.000 0.000 0.000 0.000 0.000 0.000 0.000 0.000
PEOU.PEOU1 0.000 0.000 0.000 0.000 0.606 0.000 0.000 0.000 0.000 0.000 0.000 0.000 0.000 0.000 0.000 0.000
PEOU.PEOU2 0.000 0.000 0.000 0.000 0.653 0.000 0.000 0.000 0.000 0.000 0.000 0.000 0.000 0.000 0.000 0.000
PEOU.PEOU3 0.000 0.000 0.000 0.000 0.698 0.000 0.000 0.000 0.000 0.000 0.000 0.000 0.000 0.000 0.000 0.000
PEOU.PEOU4 0.000 0.000 0.000 0.000 0.667 0.000 0.000 0.000 0.000 0.000 0.000 0.000 0.000 0.000 0.000 0.000
PEOU.PEOU5 0.000 0.000 0.000 0.000 0.501 0.000 0.000 0.000 0.000 0.000 0.000 0.000 0.000 0.000 0.000 0.000
PEOU.PEOU6 0.000 0.000 0.000 0.000 0.620 0.000 0.000 0.000 0.000 0.000 0.000 0.000 0.000 0.000 0.000 0.000
VIS.VIS1   0.000 0.000 0.000 0.000 0.000 0.702 0.000 0.000 0.000 0.000 0.000 0.000 0.000 0.000 0.000 0.000
VIS.VIS2   0.000 0.000 0.000 0.000 0.000 0.733 0.000 0.000 0.000 0.000 0.000 0.000 0.000 0.000 0.000 0.000
VIS.VIS3   0.000 0.000 0.000 0.000 0.000 0.741 0.000 0.000 0.000 0.000 0.000 0.000 0.000 0.000 0.000 0.000
VOI.VOI1   0.000 0.000 0.000 0.000 0.000 0.000 0.801 0.000 0.000 0.000 0.000 0.000 0.000 0.000 0.000 0.000
VOI.VOI2   0.000 0.000 0.000 0.000 0.000 0.000 0.820 0.000 0.000 0.000 0.000 0.000 0.000 0.000 0.000 0.000
VOI.VOI3   0.000 0.000 0.000 0.000 0.000 0.000 0.748 0.000 0.000 0.000 0.000 0.000 0.000 0.000 0.000 0.000
PUA.PUA1   0.000 0.000 0.000 0.000 0.000 0.000 0.000 0.722 0.000 0.000 0.000 0.000 0.000 0.000 0.000 0.000
PUA.PUA2   0.000 0.000 0.000 0.000 0.000 0.000 0.000 0.675 0.000 0.000 0.000 0.000 0.000 0.000 0.000 0.000
PUA.PUA3   0.000 0.000 0.000 0.000 0.000 0.000 0.000 0.646 0.000 0.000 0.000 0.000 0.000 0.000 0.000 0.000
PUA.PUA4   0.000 0.000 0.000 0.000 0.000 0.000 0.000 0.657 0.000 0.000 0.000 0.000 0.000 0.000 0.000 0.000
PUA.PUA5   0.000 0.000 0.000 0.000 0.000 0.000 0.000 0.663 0.000 0.000 0.000 0.000 0.000 0.000 0.000 0.000
PUA.PUA7   0.000 0.000 0.000 0.000 0.000 0.000 0.000 0.621 0.000 0.000 0.000 0.000 0.000 0.000 0.000 0.000
PUA.PUA8   0.000 0.000 0.000 0.000 0.000 0.000 0.000 0.707 0.000 0.000 0.000 0.000 0.000 0.000 0.000 0.000
RES.RES1   0.000 0.000 0.000 0.000 0.000 0.000 0.000 0.000 0.582 0.000 0.000 0.000 0.000 0.000 0.000 0.000
RES.RES2   0.000 0.000 0.000 0.000 0.000 0.000 0.000 0.000 0.641 0.000 0.000 0.000 0.000 0.000 0.000 0.000
RES.RES3   0.000 0.000 0.000 0.000 0.000 0.000 0.000 0.000 0.667 0.000 0.000 0.000 0.000 0.000 0.000 0.000
SQR.SQR1   0.000 0.000 0.000 0.000 0.000 0.000 0.000 0.000 0.000 0.727 0.000 0.000 0.000 0.000 0.000 0.000
SQR.SQR2   0.000 0.000 0.000 0.000 0.000 0.000 0.000 0.000 0.000 0.734 0.000 0.000 0.000 0.000 0.000 0.000
SQR.SQR3   0.000 0.000 0.000 0.000 0.000 0.000 0.000 0.000 0.000 0.678 0.000 0.000 0.000 0.000 0.000 0.000
LS.LS1     0.000 0.000 0.000 0.000 0.000 0.000 0.000 0.000 0.000 0.000 0.554 0.000 0.000 0.000 0.000 0.000
LS.LS2     0.000 0.000 0.000 0.000 0.000 0.000 0.000 0.000 0.000 0.000 0.496 0.000 0.000 0.000 0.000 0.000
LS.LS3     0.000 0.000 0.000 0.000 0.000 0.000 0.000 0.000 0.000 0.000 0.532 0.000 0.000 0.000 0.000 0.000
LS.LS4     0.000 0.000 0.000 0.000 0.000 0.000 0.000 0.000 0.000 0.000 0.634 0.000 0.000 0.000 0.000 0.000
LS.LS5     0.000 0.000 0.000 0.000 0.000 0.000 0.000 0.000 0.000 0.000 0.631 0.000 0.000 0.000 0.000 0.000
LS.LS6     0.000 0.000 0.000 0.000 0.000 0.000 0.000 0.000 0.000 0.000 0.639 0.000 0.000 0.000 0.000 0.000
LS.LS7     0.000 0.000 0.000 0.000 0.000 0.000 0.000 0.000 0.000 0.000 0.564 0.000 0.000 0.000 0.000 0.000
LS.LS8     0.000 0.000 0.000 0.000 0.000 0.000 0.000 0.000 0.000 0.000 0.643 0.000 0.000 0.000 0.000 0.000
PPC.PPC1   0.000 0.000 0.000 0.000 0.000 0.000 0.000 0.000 0.000 0.000 0.000 0.647 0.000 0.000 0.000 0.000
PPC.PPC2   0.000 0.000 0.000 0.000 0.000 0.000 0.000 0.000 0.000 0.000 0.000 0.496 0.000 0.000 0.000 0.000
PPC.PPC3   0.000 0.000 0.000 0.000 0.000 0.000 0.000 0.000 0.000 0.000 0.000 0.587 0.000 0.000 0.000 0.000
PPC.PPC4   0.000 0.000 0.000 0.000 0.000 0.000 0.000 0.000 0.000 0.000 0.000 0.655 0.000 0.000 0.000 0.000
PPC.PPC5   0.000 0.000 0.000 0.000 0.000 0.000 0.000 0.000 0.000 0.000 0.000 0.571 0.000 0.000 0.000 0.000
PPC.PPC6   0.000 0.000 0.000 0.000 0.000 0.000 0.000 0.000 0.000 0.000 0.000 0.653 0.000 0.000 0.000 0.000
PS.PS1     0.000 0.000 0.000 0.000 0.000 0.000 0.000 0.000 0.000 0.000 0.000 0.000 0.710 0.000 0.000 0.000
PS.PS2     0.000 0.000 0.000 0.000 0.000 0.000 0.000 0.000 0.000 0.000 0.000 0.000 0.673 0.000 0.000 0.000
PS.PS3     0.000 0.000 0.000 0.000 0.000 0.000 0.000 0.000 0.000 0.000 0.000 0.000 0.677 0.000 0.000 0.000
PS.PS4     0.000 0.000 0.000 0.000 0.000 0.000 0.000 0.000 0.000 0.000 0.000 0.000 0.622 0.000 0.000 0.000
PS.PS5     0.000 0.000 0.000 0.000 0.000 0.000 0.000 0.000 0.000 0.000 0.000 0.000 0.609 0.000 0.000 0.000
PS.PS6     0.000 0.000 0.000 0.000 0.000 0.000 0.000 0.000 0.000 0.000 0.000 0.000 0.614 0.000 0.000 0.000
PS.PS7     0.000 0.000 0.000 0.000 0.000 0.000 0.000 0.000 0.000 0.000 0.000 0.000 0.658 0.000 0.000 0.000
PS.PS8     0.000 0.000 0.000 0.000 0.000 0.000 0.000 0.000 0.000 0.000 0.000 0.000 0.608 0.000 0.000 0.000
PS.PS9     0.000 0.000 0.000 0.000 0.000 0.000 0.000 0.000 0.000 0.000 0.000 0.000 0.657 0.000 0.000 0.000
PS.PS10    0.000 0.000 0.000 0.000 0.000 0.000 0.000 0.000 0.000 0.000 0.000 0.000 0.563 0.000 0.000 0.000
PS.PS11    0.000 0.000 0.000 0.000 0.000 0.000 0.000 0.000 0.000 0.000 0.000 0.000 0.614 0.000 0.000 0.000
PU.PUI1    0.000 0.000 0.000 0.000 0.000 0.000 0.000 0.000 0.000 0.000 0.000 0.000 0.000 0.688 0.000 0.000
PU.PUI2    0.000 0.000 0.000 0.000 0.000 0.000 0.000 0.000 0.000 0.000 0.000 0.000 0.000 0.689 0.000 0.000
PU.PUI3    0.000 0.000 0.000 0.000 0.000 0.000 0.000 0.000 0.000 0.000 0.000 0.000 0.000 0.688 0.000 0.000
PU.PUI4    0.000 0.000 0.000 0.000 0.000 0.000 0.000 0.000 0.000 0.000 0.000 0.000 0.000 0.618 0.000 0.000
PU.PUI5    0.000 0.000 0.000 0.000 0.000 0.000 0.000 0.000 0.000 0.000 0.000 0.000 0.000 0.689 0.000 0.000
PU.PUI7    0.000 0.000 0.000 0.000 0.000 0.000 0.000 0.000 0.000 0.000 0.000 0.000 0.000 0.687 0.000 0.000
PU.PUI8    0.000 0.000 0.000 0.000 0.000 0.000 0.000 0.000 0.000 0.000 0.000 0.000 0.000 0.656 0.000 0.000
TKR.TKR1   0.000 0.000 0.000 0.000 0.000 0.000 0.000 0.000 0.000 0.000 0.000 0.000 0.000 0.000 0.720 0.000
TKR.TKR2   0.000 0.000 0.000 0.000 0.000 0.000 0.000 0.000 0.000 0.000 0.000 0.000 0.000 0.000 0.725 0.000
TKR.TKR3   0.000 0.000 0.000 0.000 0.000 0.000 0.000 0.000 0.000 0.000 0.000 0.000 0.000 0.000 0.655 0.000
TKR.TKR4   0.000 0.000 0.000 0.000 0.000 0.000 0.000 0.000 0.000 0.000 0.000 0.000 0.000 0.000 0.663 0.000
WEI.WEI1   0.000 0.000 0.000 0.000 0.000 0.000 0.000 0.000 0.000 0.000 0.000 0.000 0.000 0.000 0.000 0.577
WEI.WEI2   0.000 0.000 0.000 0.000 0.000 0.000 0.000 0.000 0.000 0.000 0.000 0.000 0.000 0.000 0.000 0.568
WEI.WEI3   0.000 0.000 0.000 0.000 0.000 0.000 0.000 0.000 0.000 0.000 0.000 0.000 0.000 0.000 0.000 0.610
WEI.WEI4   0.000 0.000 0.000 0.000 0.000 0.000 0.000 0.000 0.000 0.000 0.000 0.000 0.000 0.000 0.000 0.614
WEI.WEI5   0.000 0.000 0.000 0.000 0.000 0.000 0.000 0.000 0.000 0.000 0.000 0.000 0.000 0.000 0.000 0.660
WEI.WEI6   0.000 0.000 0.000 0.000 0.000 0.000 0.000 0.000 0.000 0.000 0.000 0.000 0.000 0.000 0.000 0.581
WEI.WEI7   0.000 0.000 0.000 0.000 0.000 0.000 0.000 0.000 0.000 0.000 0.000 0.000 0.000 0.000 0.000 0.622
WEI.WEI8   0.000 0.000 0.000 0.000 0.000 0.000 0.000 0.000 0.000 0.000 0.000 0.000 0.000 0.000 0.000 0.684
