            IoIT   EoA   EoI   IMG   PEOU   VIS   VOI   SQR     SR    LS   PPC    PS   TKR   WEI
IMG        0.814 0.000 0.000 0.000  0.000 0.000 0.000 0.000  0.000 0.000 0.000 0.000 0.000 0.000
PEOU       0.674 0.000 0.000 0.000  0.000 0.000 0.000 0.000  0.000 0.000 0.000 0.000 0.000 0.000
VIS        0.702 0.000 0.000 0.000  0.000 0.000 0.000 0.000  0.000 0.000 0.000 0.000 0.000 0.000
VOI        0.622 0.000 0.000 0.000  0.000 0.000 0.000 0.000  0.000 0.000 0.000 0.000 0.000 0.000
SQR        0.000 0.908 0.000 0.000  0.000 0.000 0.000 0.000  0.000 0.000 0.000 0.000 0.000 0.000
SR         0.000 0.785 0.000 0.000  0.000 0.000 0.000 0.000  0.000 0.000 0.000 0.000 0.000 0.000
LS         0.000 0.000 0.885 0.000  0.000 0.000 0.000 0.000  0.000 0.000 0.000 0.000 0.000 0.000
PPC        0.000 0.000 0.875 0.000  0.000 0.000 0.000 0.000  0.000 0.000 0.000 0.000 0.000 0.000
PS         0.000 0.000 0.872 0.000  0.000 0.000 0.000 0.000  0.000 0.000 0.000 0.000 0.000 0.000
TKR        0.000 0.000 0.709 0.000  0.000 0.000 0.000 0.000  0.000 0.000 0.000 0.000 0.000 0.000
WEI        0.000 0.000 0.893 0.000  0.000 0.000 0.000 0.000  0.000 0.000 0.000 0.000 0.000 0.000
IMG.IMG1   0.000 0.000 0.000 0.888  0.000 0.000 0.000 0.000  0.000 0.000 0.000 0.000 0.000 0.000
IMG.IMG2   0.000 0.000 0.000 0.876  0.000 0.000 0.000 0.000  0.000 0.000 0.000 0.000 0.000 0.000
IMG.IMG3   0.000 0.000 0.000 0.885  0.000 0.000 0.000 0.000  0.000 0.000 0.000 0.000 0.000 0.000
PEOU.PEOU1 0.000 0.000 0.000 0.000  0.786 0.000 0.000 0.000  0.000 0.000 0.000 0.000 0.000 0.000
PEOU.PEOU2 0.000 0.000 0.000 0.000  0.821 0.000 0.000 0.000 -0.000 0.000 0.000 0.000 0.000 0.000
PEOU.PEOU3 0.000 0.000 0.000 0.000  0.837 0.000 0.000 0.000 -0.000 0.000 0.000 0.000 0.000 0.000
PEOU.PEOU4 0.000 0.000 0.000 0.000  0.803 0.000 0.000 0.000  0.000 0.000 0.000 0.000 0.000 0.000
PEOU.PEOU6 0.000 0.000 0.000 0.000  0.788 0.000 0.000 0.000  0.000 0.000 0.000 0.000 0.000 0.000
VIS.VIS1   0.000 0.000 0.000 0.000  0.000 0.842 0.000 0.000  0.000 0.000 0.000 0.000 0.000 0.000
VIS.VIS2   0.000 0.000 0.000 0.000  0.000 0.839 0.000 0.000  0.000 0.000 0.000 0.000 0.000 0.000
VIS.VIS3   0.000 0.000 0.000 0.000  0.000 0.855 0.000 0.000  0.000 0.000 0.000 0.000 0.000 0.000
VOI.VOI1   0.000 0.000 0.000 0.000  0.000 0.000 0.871 0.000  0.000 0.000 0.000 0.000 0.000 0.000
VOI.VOI2   0.000 0.000 0.000 0.000  0.000 0.000 0.903 0.000  0.000 0.000 0.000 0.000 0.000 0.000
VOI.VOI3   0.000 0.000 0.000 0.000  0.000 0.000 0.855 0.000  0.000 0.000 0.000 0.000 0.000 0.000
SQR.SQR1   0.000 0.000 0.000 0.000  0.000 0.000 0.000 0.833  0.000 0.000 0.000 0.000 0.000 0.000
SQR.SQR2   0.000 0.000 0.000 0.000  0.000 0.000 0.000 0.844  0.000 0.000 0.000 0.000 0.000 0.000
SQR.SQR3   0.000 0.000 0.000 0.000  0.000 0.000 0.000 0.818  0.000 0.000 0.000 0.000 0.000 0.000
SR.SR1     0.000 0.000 0.000 0.000  0.000 0.000 0.000 0.000  0.877 0.000 0.000 0.000 0.000 0.000
SR.SR2     0.000 0.000 0.000 0.000 -0.000 0.000 0.000 0.000  0.845 0.000 0.000 0.000 0.000 0.000
SR.SR3     0.000 0.000 0.000 0.000  0.000 0.000 0.000 0.000  0.891 0.000 0.000 0.000 0.000 0.000
SR.SR4     0.000 0.000 0.000 0.000  0.000 0.000 0.000 0.000  0.883 0.000 0.000 0.000 0.000 0.000
LS.LS1     0.000 0.000 0.000 0.000  0.000 0.000 0.000 0.000  0.000 0.725 0.000 0.000 0.000 0.000
LS.LS2     0.000 0.000 0.000 0.000  0.000 0.000 0.000 0.000  0.000 0.703 0.000 0.000 0.000 0.000
LS.LS3     0.000 0.000 0.000 0.000  0.000 0.000 0.000 0.000  0.000 0.752 0.000 0.000 0.000 0.000
LS.LS4     0.000 0.000 0.000 0.000  0.000 0.000 0.000 0.000  0.000 0.785 0.000 0.000 0.000 0.000
LS.LS5     0.000 0.000 0.000 0.000  0.000 0.000 0.000 0.000  0.000 0.779 0.000 0.000 0.000 0.000
LS.LS6     0.000 0.000 0.000 0.000  0.000 0.000 0.000 0.000  0.000 0.791 0.000 0.000 0.000 0.000
LS.LS7     0.000 0.000 0.000 0.000  0.000 0.000 0.000 0.000  0.000 0.719 0.000 0.000 0.000 0.000
LS.LS8     0.000 0.000 0.000 0.000  0.000 0.000 0.000 0.000  0.000 0.802 0.000 0.000 0.000 0.000
PPC.PPC1   0.000 0.000 0.000 0.000  0.000 0.000 0.000 0.000  0.000 0.000 0.773 0.000 0.000 0.000
PPC.PPC2   0.000 0.000 0.000 0.000  0.000 0.000 0.000 0.000  0.000 0.000 0.727 0.000 0.000 0.000
PPC.PPC3   0.000 0.000 0.000 0.000  0.000 0.000 0.000 0.000  0.000 0.000 0.753 0.000 0.000 0.000
PPC.PPC4   0.000 0.000 0.000 0.000  0.000 0.000 0.000 0.000  0.000 0.000 0.788 0.000 0.000 0.000
PPC.PPC5   0.000 0.000 0.000 0.000  0.000 0.000 0.000 0.000  0.000 0.000 0.748 0.000 0.000 0.000
PPC.PPC6   0.000 0.000 0.000 0.000  0.000 0.000 0.000 0.000  0.000 0.000 0.782 0.000 0.000 0.000
PS.PS1     0.000 0.000 0.000 0.000  0.000 0.000 0.000 0.000  0.000 0.000 0.000 0.812 0.000 0.000
PS.PS2     0.000 0.000 0.000 0.000  0.000 0.000 0.000 0.000  0.000 0.000 0.000 0.808 0.000 0.000
PS.PS3     0.000 0.000 0.000 0.000  0.000 0.000 0.000 0.000  0.000 0.000 0.000 0.810 0.000 0.000
PS.PS4     0.000 0.000 0.000 0.000  0.000 0.000 0.000 0.000  0.000 0.000 0.000 0.774 0.000 0.000
PS.PS5     0.000 0.000 0.000 0.000  0.000 0.000 0.000 0.000  0.000 0.000 0.000 0.792 0.000 0.000
PS.PS6     0.000 0.000 0.000 0.000  0.000 0.000 0.000 0.000  0.000 0.000 0.000 0.776 0.000 0.000
PS.PS7     0.000 0.000 0.000 0.000  0.000 0.000 0.000 0.000  0.000 0.000 0.000 0.801 0.000 0.000
PS.PS8     0.000 0.000 0.000 0.000  0.000 0.000 0.000 0.000  0.000 0.000 0.000 0.777 0.000 0.000
PS.PS9     0.000 0.000 0.000 0.000  0.000 0.000 0.000 0.000  0.000 0.000 0.000 0.810 0.000 0.000
PS.PS10    0.000 0.000 0.000 0.000  0.000 0.000 0.000 0.000  0.000 0.000 0.000 0.738 0.000 0.000
PS.PS11    0.000 0.000 0.000 0.000  0.000 0.000 0.000 0.000  0.000 0.000 0.000 0.783 0.000 0.000
TKR.TKR1   0.000 0.000 0.000 0.000  0.000 0.000 0.000 0.000  0.000 0.000 0.000 0.000 0.832 0.000
TKR.TKR2   0.000 0.000 0.000 0.000  0.000 0.000 0.000 0.000  0.000 0.000 0.000 0.000 0.828 0.000
TKR.TKR3   0.000 0.000 0.000 0.000  0.000 0.000 0.000 0.000  0.000 0.000 0.000 0.000 0.804 0.000
TKR.TKR4   0.000 0.000 0.000 0.000  0.000 0.000 0.000 0.000  0.000 0.000 0.000 0.000 0.830 0.000
WEI.WEI1   0.000 0.000 0.000 0.000  0.000 0.000 0.000 0.000  0.000 0.000 0.000 0.000 0.000 0.764
WEI.WEI2   0.000 0.000 0.000 0.000  0.000 0.000 0.000 0.000  0.000 0.000 0.000 0.000 0.000 0.738
WEI.WEI3   0.000 0.000 0.000 0.000  0.000 0.000 0.000 0.000  0.000 0.000 0.000 0.000 0.000 0.784
WEI.WEI4   0.000 0.000 0.000 0.000  0.000 0.000 0.000 0.000  0.000 0.000 0.000 0.000 0.000 0.781
WEI.WEI5   0.000 0.000 0.000 0.000  0.000 0.000 0.000 0.000  0.000 0.000 0.000 0.000 0.000 0.785
WEI.WEI6   0.000 0.000 0.000 0.000  0.000 0.000 0.000 0.000  0.000 0.000 0.000 0.000 0.000 0.755
WEI.WEI7   0.000 0.000 0.000 0.000  0.000 0.000 0.000 0.000  0.000 0.000 0.000 0.000 0.000 0.790
WEI.WEI8   0.000 0.000 0.000 0.000  0.000 0.000 0.000 0.000  0.000 0.000 0.000 0.000 0.000 0.794
