indicator loadings (>.708)
            IoIT   EoA   EoI   IMG  PEOU   VIS   VOI   SQR     SR    LS   PPC    PS   TKR   WEI
IMG        0.802 0.000 0.000 0.000 0.000 0.000 0.000 0.000  0.000 0.000 0.000 0.000 0.000 0.000
PEOU       0.694 0.000 0.000 0.000 0.000 0.000 0.000 0.000  0.000 0.000 0.000 0.000 0.000 0.000
VIS        0.705 0.000 0.000 0.000 0.000 0.000 0.000 0.000  0.000 0.000 0.000 0.000 0.000 0.000
VOI        0.634 0.000 0.000 0.000 0.000 0.000 0.000 0.000  0.000 0.000 0.000 0.000 0.000 0.000
SQR        0.000 0.910 0.000 0.000 0.000 0.000 0.000 0.000  0.000 0.000 0.000 0.000 0.000 0.000
SR         0.000 0.792 0.000 0.000 0.000 0.000 0.000 0.000  0.000 0.000 0.000 0.000 0.000 0.000
LS         0.000 0.000 0.894 0.000 0.000 0.000 0.000 0.000  0.000 0.000 0.000 0.000 0.000 0.000
PPC        0.000 0.000 0.872 0.000 0.000 0.000 0.000 0.000  0.000 0.000 0.000 0.000 0.000 0.000
PS         0.000 0.000 0.862 0.000 0.000 0.000 0.000 0.000  0.000 0.000 0.000 0.000 0.000 0.000
TKR        0.000 0.000 0.701 0.000 0.000 0.000 0.000 0.000  0.000 0.000 0.000 0.000 0.000 0.000
WEI        0.000 0.000 0.899 0.000 0.000 0.000 0.000 0.000  0.000 0.000 0.000 0.000 0.000 0.000
IMG.IMG1   0.000 0.000 0.000 0.896 0.000 0.000 0.000 0.000  0.000 0.000 0.000 0.000 0.000 0.000
IMG.IMG2   0.000 0.000 0.000 0.899 0.000 0.000 0.000 0.000  0.000 0.000 0.000 0.000 0.000 0.000
IMG.IMG3   0.000 0.000 0.000 0.889 0.000 0.000 0.000 0.000  0.000 0.000 0.000 0.000 0.000 0.000
PEOU.PEOU1 0.000 0.000 0.000 0.000 0.795 0.000 0.000 0.000  0.000 0.000 0.000 0.000 0.000 0.000
PEOU.PEOU2 0.000 0.000 0.000 0.000 0.815 0.000 0.000 0.000 -0.000 0.000 0.000 0.000 0.000 0.000
PEOU.PEOU3 0.000 0.000 0.000 0.000 0.839 0.000 0.000 0.000  0.000 0.000 0.000 0.000 0.000 0.000
PEOU.PEOU4 0.000 0.000 0.000 0.000 0.820 0.000 0.000 0.000  0.000 0.000 0.000 0.000 0.000 0.000
PEOU.PEOU6 0.000 0.000 0.000 0.000 0.803 0.000 0.000 0.000  0.000 0.000 0.000 0.000 0.000 0.000
VIS.VIS1   0.000 0.000 0.000 0.000 0.000 0.851 0.000 0.000  0.000 0.000 0.000 0.000 0.000 0.000
VIS.VIS2   0.000 0.000 0.000 0.000 0.000 0.854 0.000 0.000  0.000 0.000 0.000 0.000 0.000 0.000
VIS.VIS3   0.000 0.000 0.000 0.000 0.000 0.859 0.000 0.000  0.000 0.000 0.000 0.000 0.000 0.000
VOI.VOI1   0.000 0.000 0.000 0.000 0.000 0.000 0.887 0.000  0.000 0.000 0.000 0.000 0.000 0.000
VOI.VOI2   0.000 0.000 0.000 0.000 0.000 0.000 0.912 0.000  0.000 0.000 0.000 0.000 0.000 0.000
VOI.VOI3   0.000 0.000 0.000 0.000 0.000 0.000 0.863 0.000  0.000 0.000 0.000 0.000 0.000 0.000
SQR.SQR1   0.000 0.000 0.000 0.000 0.000 0.000 0.000 0.848  0.000 0.000 0.000 0.000 0.000 0.000
SQR.SQR2   0.000 0.000 0.000 0.000 0.000 0.000 0.000 0.860  0.000 0.000 0.000 0.000 0.000 0.000
SQR.SQR3   0.000 0.000 0.000 0.000 0.000 0.000 0.000 0.816  0.000 0.000 0.000 0.000 0.000 0.000
SR.SR1     0.000 0.000 0.000 0.000 0.000 0.000 0.000 0.000  0.900 0.000 0.000 0.000 0.000 0.000
SR.SR2     0.000 0.000 0.000 0.000 0.000 0.000 0.000 0.000  0.869 0.000 0.000 0.000 0.000 0.000
SR.SR3     0.000 0.000 0.000 0.000 0.000 0.000 0.000 0.000  0.906 0.000 0.000 0.000 0.000 0.000
SR.SR4     0.000 0.000 0.000 0.000 0.000 0.000 0.000 0.000  0.900 0.000 0.000 0.000 0.000 0.000
LS.LS1     0.000 0.000 0.000 0.000 0.000 0.000 0.000 0.000  0.000 0.735 0.000 0.000 0.000 0.000
LS.LS2     0.000 0.000 0.000 0.000 0.000 0.000 0.000 0.000  0.000 0.710 0.000 0.000 0.000 0.000
LS.LS3     0.000 0.000 0.000 0.000 0.000 0.000 0.000 0.000  0.000 0.742 0.000 0.000 0.000 0.000
LS.LS4     0.000 0.000 0.000 0.000 0.000 0.000 0.000 0.000  0.000 0.794 0.000 0.000 0.000 0.000
LS.LS5     0.000 0.000 0.000 0.000 0.000 0.000 0.000 0.000  0.000 0.782 0.000 0.000 0.000 0.000
LS.LS6     0.000 0.000 0.000 0.000 0.000 0.000 0.000 0.000  0.000 0.798 0.000 0.000 0.000 0.000
LS.LS7     0.000 0.000 0.000 0.000 0.000 0.000 0.000 0.000  0.000 0.750 0.000 0.000 0.000 0.000
LS.LS8     0.000 0.000 0.000 0.000 0.000 0.000 0.000 0.000  0.000 0.806 0.000 0.000 0.000 0.000
PPC.PPC1   0.000 0.000 0.000 0.000 0.000 0.000 0.000 0.000  0.000 0.000 0.810 0.000 0.000 0.000
PPC.PPC2   0.000 0.000 0.000 0.000 0.000 0.000 0.000 0.000  0.000 0.000 0.723 0.000 0.000 0.000
PPC.PPC3   0.000 0.000 0.000 0.000 0.000 0.000 0.000 0.000  0.000 0.000 0.754 0.000 0.000 0.000
PPC.PPC4   0.000 0.000 0.000 0.000 0.000 0.000 0.000 0.000  0.000 0.000 0.813 0.000 0.000 0.000
PPC.PPC5   0.000 0.000 0.000 0.000 0.000 0.000 0.000 0.000  0.000 0.000 0.747 0.000 0.000 0.000
PPC.PPC6   0.000 0.000 0.000 0.000 0.000 0.000 0.000 0.000  0.000 0.000 0.807 0.000 0.000 0.000
PS.PS1     0.000 0.000 0.000 0.000 0.000 0.000 0.000 0.000  0.000 0.000 0.000 0.827 0.000 0.000
PS.PS2     0.000 0.000 0.000 0.000 0.000 0.000 0.000 0.000  0.000 0.000 0.000 0.819 0.000 0.000
PS.PS3     0.000 0.000 0.000 0.000 0.000 0.000 0.000 0.000  0.000 0.000 0.000 0.834 0.000 0.000
PS.PS4     0.000 0.000 0.000 0.000 0.000 0.000 0.000 0.000  0.000 0.000 0.000 0.785 0.000 0.000
PS.PS5     0.000 0.000 0.000 0.000 0.000 0.000 0.000 0.000  0.000 0.000 0.000 0.784 0.000 0.000
PS.PS6     0.000 0.000 0.000 0.000 0.000 0.000 0.000 0.000  0.000 0.000 0.000 0.785 0.000 0.000
PS.PS7     0.000 0.000 0.000 0.000 0.000 0.000 0.000 0.000  0.000 0.000 0.000 0.810 0.000 0.000
PS.PS8     0.000 0.000 0.000 0.000 0.000 0.000 0.000 0.000  0.000 0.000 0.000 0.781 0.000 0.000
PS.PS9     0.000 0.000 0.000 0.000 0.000 0.000 0.000 0.000  0.000 0.000 0.000 0.812 0.000 0.000
PS.PS10    0.000 0.000 0.000 0.000 0.000 0.000 0.000 0.000  0.000 0.000 0.000 0.764 0.000 0.000
PS.PS11    0.000 0.000 0.000 0.000 0.000 0.000 0.000 0.000  0.000 0.000 0.000 0.788 0.000 0.000
TKR.TKR1   0.000 0.000 0.000 0.000 0.000 0.000 0.000 0.000  0.000 0.000 0.000 0.000 0.845 0.000
TKR.TKR2   0.000 0.000 0.000 0.000 0.000 0.000 0.000 0.000  0.000 0.000 0.000 0.000 0.852 0.000
TKR.TKR3   0.000 0.000 0.000 0.000 0.000 0.000 0.000 0.000  0.000 0.000 0.000 0.000 0.818 0.000
TKR.TKR4   0.000 0.000 0.000 0.000 0.000 0.000 0.000 0.000  0.000 0.000 0.000 0.000 0.830 0.000
WEI.WEI1   0.000 0.000 0.000 0.000 0.000 0.000 0.000 0.000  0.000 0.000 0.000 0.000 0.000 0.767
WEI.WEI2   0.000 0.000 0.000 0.000 0.000 0.000 0.000 0.000  0.000 0.000 0.000 0.000 0.000 0.764
WEI.WEI3   0.000 0.000 0.000 0.000 0.000 0.000 0.000 0.000  0.000 0.000 0.000 0.000 0.000 0.779
WEI.WEI4   0.000 0.000 0.000 0.000 0.000 0.000 0.000 0.000  0.000 0.000 0.000 0.000 0.000 0.788
WEI.WEI5   0.000 0.000 0.000 0.000 0.000 0.000 0.000 0.000  0.000 0.000 0.000 0.000 0.000 0.807
WEI.WEI6   0.000 0.000 0.000 0.000 0.000 0.000 0.000 0.000  0.000 0.000 0.000 0.000 0.000 0.759
WEI.WEI7   0.000 0.000 0.000 0.000 0.000 0.000 0.000 0.000  0.000 0.000 0.000 0.000 0.000 0.789
WEI.WEI8   0.000 0.000 0.000 0.000 0.000 0.000 0.000 0.000  0.000 0.000 0.000 0.000 0.000 0.818


indicator reliability (>.500)
            IoIT   EoA   EoI   IMG  PEOU   VIS   VOI   SQR    SR    LS   PPC    PS   TKR   WEI
IMG        0.642 0.000 0.000 0.000 0.000 0.000 0.000 0.000 0.000 0.000 0.000 0.000 0.000 0.000
PEOU       0.482 0.000 0.000 0.000 0.000 0.000 0.000 0.000 0.000 0.000 0.000 0.000 0.000 0.000
VIS        0.497 0.000 0.000 0.000 0.000 0.000 0.000 0.000 0.000 0.000 0.000 0.000 0.000 0.000
VOI        0.402 0.000 0.000 0.000 0.000 0.000 0.000 0.000 0.000 0.000 0.000 0.000 0.000 0.000
SQR        0.000 0.828 0.000 0.000 0.000 0.000 0.000 0.000 0.000 0.000 0.000 0.000 0.000 0.000
SR         0.000 0.628 0.000 0.000 0.000 0.000 0.000 0.000 0.000 0.000 0.000 0.000 0.000 0.000
LS         0.000 0.000 0.800 0.000 0.000 0.000 0.000 0.000 0.000 0.000 0.000 0.000 0.000 0.000
PPC        0.000 0.000 0.760 0.000 0.000 0.000 0.000 0.000 0.000 0.000 0.000 0.000 0.000 0.000
PS         0.000 0.000 0.743 0.000 0.000 0.000 0.000 0.000 0.000 0.000 0.000 0.000 0.000 0.000
TKR        0.000 0.000 0.491 0.000 0.000 0.000 0.000 0.000 0.000 0.000 0.000 0.000 0.000 0.000
WEI        0.000 0.000 0.809 0.000 0.000 0.000 0.000 0.000 0.000 0.000 0.000 0.000 0.000 0.000
IMG.IMG1   0.000 0.000 0.000 0.804 0.000 0.000 0.000 0.000 0.000 0.000 0.000 0.000 0.000 0.000
IMG.IMG2   0.000 0.000 0.000 0.808 0.000 0.000 0.000 0.000 0.000 0.000 0.000 0.000 0.000 0.000
IMG.IMG3   0.000 0.000 0.000 0.790 0.000 0.000 0.000 0.000 0.000 0.000 0.000 0.000 0.000 0.000
PEOU.PEOU1 0.000 0.000 0.000 0.000 0.632 0.000 0.000 0.000 0.000 0.000 0.000 0.000 0.000 0.000
PEOU.PEOU2 0.000 0.000 0.000 0.000 0.665 0.000 0.000 0.000 0.000 0.000 0.000 0.000 0.000 0.000
PEOU.PEOU3 0.000 0.000 0.000 0.000 0.704 0.000 0.000 0.000 0.000 0.000 0.000 0.000 0.000 0.000
PEOU.PEOU4 0.000 0.000 0.000 0.000 0.672 0.000 0.000 0.000 0.000 0.000 0.000 0.000 0.000 0.000
PEOU.PEOU6 0.000 0.000 0.000 0.000 0.646 0.000 0.000 0.000 0.000 0.000 0.000 0.000 0.000 0.000
VIS.VIS1   0.000 0.000 0.000 0.000 0.000 0.724 0.000 0.000 0.000 0.000 0.000 0.000 0.000 0.000
VIS.VIS2   0.000 0.000 0.000 0.000 0.000 0.730 0.000 0.000 0.000 0.000 0.000 0.000 0.000 0.000
VIS.VIS3   0.000 0.000 0.000 0.000 0.000 0.738 0.000 0.000 0.000 0.000 0.000 0.000 0.000 0.000
VOI.VOI1   0.000 0.000 0.000 0.000 0.000 0.000 0.786 0.000 0.000 0.000 0.000 0.000 0.000 0.000
VOI.VOI2   0.000 0.000 0.000 0.000 0.000 0.000 0.831 0.000 0.000 0.000 0.000 0.000 0.000 0.000
VOI.VOI3   0.000 0.000 0.000 0.000 0.000 0.000 0.745 0.000 0.000 0.000 0.000 0.000 0.000 0.000
SQR.SQR1   0.000 0.000 0.000 0.000 0.000 0.000 0.000 0.719 0.000 0.000 0.000 0.000 0.000 0.000
SQR.SQR2   0.000 0.000 0.000 0.000 0.000 0.000 0.000 0.740 0.000 0.000 0.000 0.000 0.000 0.000
SQR.SQR3   0.000 0.000 0.000 0.000 0.000 0.000 0.000 0.666 0.000 0.000 0.000 0.000 0.000 0.000
SR.SR1     0.000 0.000 0.000 0.000 0.000 0.000 0.000 0.000 0.810 0.000 0.000 0.000 0.000 0.000
SR.SR2     0.000 0.000 0.000 0.000 0.000 0.000 0.000 0.000 0.755 0.000 0.000 0.000 0.000 0.000
SR.SR3     0.000 0.000 0.000 0.000 0.000 0.000 0.000 0.000 0.821 0.000 0.000 0.000 0.000 0.000
SR.SR4     0.000 0.000 0.000 0.000 0.000 0.000 0.000 0.000 0.810 0.000 0.000 0.000 0.000 0.000
LS.LS1     0.000 0.000 0.000 0.000 0.000 0.000 0.000 0.000 0.000 0.541 0.000 0.000 0.000 0.000
LS.LS2     0.000 0.000 0.000 0.000 0.000 0.000 0.000 0.000 0.000 0.504 0.000 0.000 0.000 0.000
LS.LS3     0.000 0.000 0.000 0.000 0.000 0.000 0.000 0.000 0.000 0.550 0.000 0.000 0.000 0.000
LS.LS4     0.000 0.000 0.000 0.000 0.000 0.000 0.000 0.000 0.000 0.630 0.000 0.000 0.000 0.000
LS.LS5     0.000 0.000 0.000 0.000 0.000 0.000 0.000 0.000 0.000 0.611 0.000 0.000 0.000 0.000
LS.LS6     0.000 0.000 0.000 0.000 0.000 0.000 0.000 0.000 0.000 0.637 0.000 0.000 0.000 0.000
LS.LS7     0.000 0.000 0.000 0.000 0.000 0.000 0.000 0.000 0.000 0.563 0.000 0.000 0.000 0.000
LS.LS8     0.000 0.000 0.000 0.000 0.000 0.000 0.000 0.000 0.000 0.650 0.000 0.000 0.000 0.000
PPC.PPC1   0.000 0.000 0.000 0.000 0.000 0.000 0.000 0.000 0.000 0.000 0.657 0.000 0.000 0.000
PPC.PPC2   0.000 0.000 0.000 0.000 0.000 0.000 0.000 0.000 0.000 0.000 0.523 0.000 0.000 0.000
PPC.PPC3   0.000 0.000 0.000 0.000 0.000 0.000 0.000 0.000 0.000 0.000 0.568 0.000 0.000 0.000
PPC.PPC4   0.000 0.000 0.000 0.000 0.000 0.000 0.000 0.000 0.000 0.000 0.661 0.000 0.000 0.000
PPC.PPC5   0.000 0.000 0.000 0.000 0.000 0.000 0.000 0.000 0.000 0.000 0.558 0.000 0.000 0.000
PPC.PPC6   0.000 0.000 0.000 0.000 0.000 0.000 0.000 0.000 0.000 0.000 0.651 0.000 0.000 0.000
PS.PS1     0.000 0.000 0.000 0.000 0.000 0.000 0.000 0.000 0.000 0.000 0.000 0.684 0.000 0.000
PS.PS2     0.000 0.000 0.000 0.000 0.000 0.000 0.000 0.000 0.000 0.000 0.000 0.671 0.000 0.000
PS.PS3     0.000 0.000 0.000 0.000 0.000 0.000 0.000 0.000 0.000 0.000 0.000 0.696 0.000 0.000
PS.PS4     0.000 0.000 0.000 0.000 0.000 0.000 0.000 0.000 0.000 0.000 0.000 0.616 0.000 0.000
PS.PS5     0.000 0.000 0.000 0.000 0.000 0.000 0.000 0.000 0.000 0.000 0.000 0.615 0.000 0.000
PS.PS6     0.000 0.000 0.000 0.000 0.000 0.000 0.000 0.000 0.000 0.000 0.000 0.616 0.000 0.000
PS.PS7     0.000 0.000 0.000 0.000 0.000 0.000 0.000 0.000 0.000 0.000 0.000 0.657 0.000 0.000
PS.PS8     0.000 0.000 0.000 0.000 0.000 0.000 0.000 0.000 0.000 0.000 0.000 0.610 0.000 0.000
PS.PS9     0.000 0.000 0.000 0.000 0.000 0.000 0.000 0.000 0.000 0.000 0.000 0.659 0.000 0.000
PS.PS10    0.000 0.000 0.000 0.000 0.000 0.000 0.000 0.000 0.000 0.000 0.000 0.583 0.000 0.000
PS.PS11    0.000 0.000 0.000 0.000 0.000 0.000 0.000 0.000 0.000 0.000 0.000 0.621 0.000 0.000
TKR.TKR1   0.000 0.000 0.000 0.000 0.000 0.000 0.000 0.000 0.000 0.000 0.000 0.000 0.714 0.000
TKR.TKR2   0.000 0.000 0.000 0.000 0.000 0.000 0.000 0.000 0.000 0.000 0.000 0.000 0.726 0.000
TKR.TKR3   0.000 0.000 0.000 0.000 0.000 0.000 0.000 0.000 0.000 0.000 0.000 0.000 0.670 0.000
TKR.TKR4   0.000 0.000 0.000 0.000 0.000 0.000 0.000 0.000 0.000 0.000 0.000 0.000 0.690 0.000
WEI.WEI1   0.000 0.000 0.000 0.000 0.000 0.000 0.000 0.000 0.000 0.000 0.000 0.000 0.000 0.588
WEI.WEI2   0.000 0.000 0.000 0.000 0.000 0.000 0.000 0.000 0.000 0.000 0.000 0.000 0.000 0.583
WEI.WEI3   0.000 0.000 0.000 0.000 0.000 0.000 0.000 0.000 0.000 0.000 0.000 0.000 0.000 0.607
WEI.WEI4   0.000 0.000 0.000 0.000 0.000 0.000 0.000 0.000 0.000 0.000 0.000 0.000 0.000 0.620
WEI.WEI5   0.000 0.000 0.000 0.000 0.000 0.000 0.000 0.000 0.000 0.000 0.000 0.000 0.000 0.652
WEI.WEI6   0.000 0.000 0.000 0.000 0.000 0.000 0.000 0.000 0.000 0.000 0.000 0.000 0.000 0.577
WEI.WEI7   0.000 0.000 0.000 0.000 0.000 0.000 0.000 0.000 0.000 0.000 0.000 0.000 0.000 0.622
WEI.WEI8   0.000 0.000 0.000 0.000 0.000 0.000 0.000 0.000 0.000 0.000 0.000 0.000 0.000 0.670


composite reliability
     alpha  rhoC   AVE  rhoA
IoIT 0.673 0.803 0.506 0.688
EoA  0.638 0.842 0.728 0.702
EoI  0.900 0.927 0.721 0.903
IMG  0.875 0.923 0.800 0.876
PEOU 0.873 0.908 0.663 0.874
VIS  0.816 0.890 0.730 0.819
VOI  0.865 0.917 0.787 0.868
SQR  0.794 0.879 0.708 0.793
SR   0.916 0.941 0.799 0.918
LS   0.899 0.919 0.586 0.901
PPC  0.868 0.901 0.603 0.870
PS   0.943 0.951 0.639 0.944
TKR  0.857 0.903 0.700 0.858
WEI  0.910 0.927 0.615 0.911

Alpha, rhoC, and rhoA should exceed 0.7 while AVE should exceed 0.5


HTMT (lavaan/semTools)
       IMG  PEOU   VIS   VOI   SQR    SR    LS   PPC    PS   TKR   WEI
IMG  1.000                                                            
PEOU 0.347 1.000                                                      
VIS  0.428 0.566 1.000                                                
VOI  0.597 0.109 0.267 1.000                                          
SQR  0.602 0.392 0.318 0.431 1.000                                    
SR   0.536 0.044 0.119 0.613 0.543 1.000                              
LS   0.533 0.701 0.526 0.266 0.534 0.232 1.000                        
PPC  0.525 0.742 0.536 0.286 0.521 0.209 0.837 1.000                  
PS   0.369 0.766 0.518 0.093 0.415 0.095 0.824 0.782 1.000            
TKR  0.617 0.452 0.369 0.537 0.578 0.468 0.547 0.597 0.475 1.000      
WEI  0.530 0.740 0.599 0.257 0.541 0.265 0.865 0.792 0.819 0.592 1.000
