indicator loadings (>.708)
            IoIT   EoA   EoI   IMG   PEOU   VIS   VOI   PUA   RES   SQR     SR    LS   PPC    PS   PUI   TKR   WEI
IMG        0.747 0.000 0.000 0.000  0.000 0.000 0.000 0.000 0.000 0.000  0.000 0.000 0.000 0.000 0.000 0.000 0.000
PEOU       0.768 0.000 0.000 0.000  0.000 0.000 0.000 0.000 0.000 0.000  0.000 0.000 0.000 0.000 0.000 0.000 0.000
VIS        0.750 0.000 0.000 0.000  0.000 0.000 0.000 0.000 0.000 0.000  0.000 0.000 0.000 0.000 0.000 0.000 0.000
VOI        0.504 0.000 0.000 0.000  0.000 0.000 0.000 0.000 0.000 0.000  0.000 0.000 0.000 0.000 0.000 0.000 0.000
PUA        0.000 0.845 0.000 0.000  0.000 0.000 0.000 0.000 0.000 0.000  0.000 0.000 0.000 0.000 0.000 0.000 0.000
RES        0.000 0.795 0.000 0.000  0.000 0.000 0.000 0.000 0.000 0.000  0.000 0.000 0.000 0.000 0.000 0.000 0.000
SQR        0.000 0.671 0.000 0.000  0.000 0.000 0.000 0.000 0.000 0.000  0.000 0.000 0.000 0.000 0.000 0.000 0.000
SR         0.000 0.389 0.000 0.000  0.000 0.000 0.000 0.000 0.000 0.000  0.000 0.000 0.000 0.000 0.000 0.000 0.000
LS         0.000 0.000 0.883 0.000  0.000 0.000 0.000 0.000 0.000 0.000  0.000 0.000 0.000 0.000 0.000 0.000 0.000
PPC        0.000 0.000 0.874 0.000  0.000 0.000 0.000 0.000 0.000 0.000  0.000 0.000 0.000 0.000 0.000 0.000 0.000
PS         0.000 0.000 0.898 0.000  0.000 0.000 0.000 0.000 0.000 0.000  0.000 0.000 0.000 0.000 0.000 0.000 0.000
PUI        0.000 0.000 0.906 0.000  0.000 0.000 0.000 0.000 0.000 0.000  0.000 0.000 0.000 0.000 0.000 0.000 0.000
TKR        0.000 0.000 0.660 0.000  0.000 0.000 0.000 0.000 0.000 0.000  0.000 0.000 0.000 0.000 0.000 0.000 0.000
WEI        0.000 0.000 0.892 0.000  0.000 0.000 0.000 0.000 0.000 0.000  0.000 0.000 0.000 0.000 0.000 0.000 0.000
IMG.IMG1   0.000 0.000 0.000 0.886  0.000 0.000 0.000 0.000 0.000 0.000  0.000 0.000 0.000 0.000 0.000 0.000 0.000
IMG.IMG2   0.000 0.000 0.000 0.879  0.000 0.000 0.000 0.000 0.000 0.000  0.000 0.000 0.000 0.000 0.000 0.000 0.000
IMG.IMG3   0.000 0.000 0.000 0.884  0.000 0.000 0.000 0.000 0.000 0.000  0.000 0.000 0.000 0.000 0.000 0.000 0.000
PEOU.PEOU1 0.000 0.000 0.000 0.000  0.789 0.000 0.000 0.000 0.000 0.000  0.000 0.000 0.000 0.000 0.000 0.000 0.000
PEOU.PEOU2 0.000 0.000 0.000 0.000  0.823 0.000 0.000 0.000 0.000 0.000 -0.000 0.000 0.000 0.000 0.000 0.000 0.000
PEOU.PEOU3 0.000 0.000 0.000 0.000  0.837 0.000 0.000 0.000 0.000 0.000 -0.000 0.000 0.000 0.000 0.000 0.000 0.000
PEOU.PEOU4 0.000 0.000 0.000 0.000  0.802 0.000 0.000 0.000 0.000 0.000  0.000 0.000 0.000 0.000 0.000 0.000 0.000
PEOU.PEOU6 0.000 0.000 0.000 0.000  0.785 0.000 0.000 0.000 0.000 0.000  0.000 0.000 0.000 0.000 0.000 0.000 0.000
VIS.VIS1   0.000 0.000 0.000 0.000  0.000 0.841 0.000 0.000 0.000 0.000  0.000 0.000 0.000 0.000 0.000 0.000 0.000
VIS.VIS2   0.000 0.000 0.000 0.000  0.000 0.836 0.000 0.000 0.000 0.000  0.000 0.000 0.000 0.000 0.000 0.000 0.000
VIS.VIS3   0.000 0.000 0.000 0.000  0.000 0.859 0.000 0.000 0.000 0.000  0.000 0.000 0.000 0.000 0.000 0.000 0.000
VOI.VOI1   0.000 0.000 0.000 0.000  0.000 0.000 0.873 0.000 0.000 0.000  0.000 0.000 0.000 0.000 0.000 0.000 0.000
VOI.VOI2   0.000 0.000 0.000 0.000  0.000 0.000 0.902 0.000 0.000 0.000  0.000 0.000 0.000 0.000 0.000 0.000 0.000
VOI.VOI3   0.000 0.000 0.000 0.000  0.000 0.000 0.854 0.000 0.000 0.000  0.000 0.000 0.000 0.000 0.000 0.000 0.000
PUA.PUA1   0.000 0.000 0.000 0.000  0.000 0.000 0.000 0.830 0.000 0.000  0.000 0.000 0.000 0.000 0.000 0.000 0.000
PUA.PUA2   0.000 0.000 0.000 0.000  0.000 0.000 0.000 0.801 0.000 0.000  0.000 0.000 0.000 0.000 0.000 0.000 0.000
PUA.PUA3   0.000 0.000 0.000 0.000  0.000 0.000 0.000 0.809 0.000 0.000  0.000 0.000 0.000 0.000 0.000 0.000 0.000
PUA.PUA4   0.000 0.000 0.000 0.000  0.000 0.000 0.000 0.790 0.000 0.000 -0.000 0.000 0.000 0.000 0.000 0.000 0.000
PUA.PUA5   0.000 0.000 0.000 0.000  0.000 0.000 0.000 0.822 0.000 0.000  0.000 0.000 0.000 0.000 0.000 0.000 0.000
PUA.PUA7   0.000 0.000 0.000 0.000  0.000 0.000 0.000 0.790 0.000 0.000  0.000 0.000 0.000 0.000 0.000 0.000 0.000
PUA.PUA8   0.000 0.000 0.000 0.000  0.000 0.000 0.000 0.832 0.000 0.000  0.000 0.000 0.000 0.000 0.000 0.000 0.000
RES.RES1   0.000 0.000 0.000 0.000  0.000 0.000 0.000 0.000 0.768 0.000  0.000 0.000 0.000 0.000 0.000 0.000 0.000
RES.RES2   0.000 0.000 0.000 0.000  0.000 0.000 0.000 0.000 0.805 0.000  0.000 0.000 0.000 0.000 0.000 0.000 0.000
RES.RES3   0.000 0.000 0.000 0.000  0.000 0.000 0.000 0.000 0.819 0.000  0.000 0.000 0.000 0.000 0.000 0.000 0.000
SQR.SQR1   0.000 0.000 0.000 0.000  0.000 0.000 0.000 0.000 0.000 0.837  0.000 0.000 0.000 0.000 0.000 0.000 0.000
SQR.SQR2   0.000 0.000 0.000 0.000  0.000 0.000 0.000 0.000 0.000 0.846  0.000 0.000 0.000 0.000 0.000 0.000 0.000
SQR.SQR3   0.000 0.000 0.000 0.000  0.000 0.000 0.000 0.000 0.000 0.813  0.000 0.000 0.000 0.000 0.000 0.000 0.000
SR.SR1     0.000 0.000 0.000 0.000  0.000 0.000 0.000 0.000 0.000 0.000  0.877 0.000 0.000 0.000 0.000 0.000 0.000
SR.SR2     0.000 0.000 0.000 0.000 -0.000 0.000 0.000 0.000 0.000 0.000  0.844 0.000 0.000 0.000 0.000 0.000 0.000
SR.SR3     0.000 0.000 0.000 0.000  0.000 0.000 0.000 0.000 0.000 0.000  0.891 0.000 0.000 0.000 0.000 0.000 0.000
SR.SR4     0.000 0.000 0.000 0.000  0.000 0.000 0.000 0.000 0.000 0.000  0.883 0.000 0.000 0.000 0.000 0.000 0.000
LS.LS1     0.000 0.000 0.000 0.000  0.000 0.000 0.000 0.000 0.000 0.000  0.000 0.729 0.000 0.000 0.000 0.000 0.000
LS.LS2     0.000 0.000 0.000 0.000  0.000 0.000 0.000 0.000 0.000 0.000  0.000 0.703 0.000 0.000 0.000 0.000 0.000
LS.LS3     0.000 0.000 0.000 0.000  0.000 0.000 0.000 0.000 0.000 0.000  0.000 0.755 0.000 0.000 0.000 0.000 0.000
LS.LS4     0.000 0.000 0.000 0.000  0.000 0.000 0.000 0.000 0.000 0.000  0.000 0.786 0.000 0.000 0.000 0.000 0.000
LS.LS5     0.000 0.000 0.000 0.000  0.000 0.000 0.000 0.000 0.000 0.000  0.000 0.779 0.000 0.000 0.000 0.000 0.000
LS.LS6     0.000 0.000 0.000 0.000  0.000 0.000 0.000 0.000 0.000 0.000  0.000 0.790 0.000 0.000 0.000 0.000 0.000
LS.LS7     0.000 0.000 0.000 0.000  0.000 0.000 0.000 0.000 0.000 0.000  0.000 0.712 0.000 0.000 0.000 0.000 0.000
LS.LS8     0.000 0.000 0.000 0.000  0.000 0.000 0.000 0.000 0.000 0.000  0.000 0.801 0.000 0.000 0.000 0.000 0.000
PPC.PPC1   0.000 0.000 0.000 0.000  0.000 0.000 0.000 0.000 0.000 0.000  0.000 0.000 0.771 0.000 0.000 0.000 0.000
PPC.PPC2   0.000 0.000 0.000 0.000  0.000 0.000 0.000 0.000 0.000 0.000  0.000 0.000 0.722 0.000 0.000 0.000 0.000
PPC.PPC3   0.000 0.000 0.000 0.000  0.000 0.000 0.000 0.000 0.000 0.000  0.000 0.000 0.759 0.000 0.000 0.000 0.000
PPC.PPC4   0.000 0.000 0.000 0.000  0.000 0.000 0.000 0.000 0.000 0.000  0.000 0.000 0.793 0.000 0.000 0.000 0.000
PPC.PPC5   0.000 0.000 0.000 0.000  0.000 0.000 0.000 0.000 0.000 0.000  0.000 0.000 0.742 0.000 0.000 0.000 0.000
PPC.PPC6   0.000 0.000 0.000 0.000  0.000 0.000 0.000 0.000 0.000 0.000  0.000 0.000 0.784 0.000 0.000 0.000 0.000
PS.PS1     0.000 0.000 0.000 0.000  0.000 0.000 0.000 0.000 0.000 0.000  0.000 0.000 0.000 0.813 0.000 0.000 0.000
PS.PS2     0.000 0.000 0.000 0.000  0.000 0.000 0.000 0.000 0.000 0.000  0.000 0.000 0.000 0.810 0.000 0.000 0.000
PS.PS3     0.000 0.000 0.000 0.000  0.000 0.000 0.000 0.000 0.000 0.000  0.000 0.000 0.000 0.810 0.000 0.000 0.000
PS.PS4     0.000 0.000 0.000 0.000  0.000 0.000 0.000 0.000 0.000 0.000  0.000 0.000 0.000 0.774 0.000 0.000 0.000
PS.PS5     0.000 0.000 0.000 0.000  0.000 0.000 0.000 0.000 0.000 0.000  0.000 0.000 0.000 0.793 0.000 0.000 0.000
PS.PS6     0.000 0.000 0.000 0.000  0.000 0.000 0.000 0.000 0.000 0.000  0.000 0.000 0.000 0.778 0.000 0.000 0.000
PS.PS7     0.000 0.000 0.000 0.000  0.000 0.000 0.000 0.000 0.000 0.000  0.000 0.000 0.000 0.803 0.000 0.000 0.000
PS.PS8     0.000 0.000 0.000 0.000  0.000 0.000 0.000 0.000 0.000 0.000  0.000 0.000 0.000 0.775 0.000 0.000 0.000
PS.PS9     0.000 0.000 0.000 0.000  0.000 0.000 0.000 0.000 0.000 0.000  0.000 0.000 0.000 0.810 0.000 0.000 0.000
PS.PS10    0.000 0.000 0.000 0.000  0.000 0.000 0.000 0.000 0.000 0.000  0.000 0.000 0.000 0.734 0.000 0.000 0.000
PS.PS11    0.000 0.000 0.000 0.000  0.000 0.000 0.000 0.000 0.000 0.000  0.000 0.000 0.000 0.781 0.000 0.000 0.000
PUI.PUI1   0.000 0.000 0.000 0.000  0.000 0.000 0.000 0.000 0.000 0.000  0.000 0.000 0.000 0.000 0.824 0.000 0.000
PUI.PUI2   0.000 0.000 0.000 0.000  0.000 0.000 0.000 0.000 0.000 0.000  0.000 0.000 0.000 0.000 0.811 0.000 0.000
PUI.PUI3   0.000 0.000 0.000 0.000  0.000 0.000 0.000 0.000 0.000 0.000  0.000 0.000 0.000 0.000 0.839 0.000 0.000
PUI.PUI4   0.000 0.000 0.000 0.000  0.000 0.000 0.000 0.000 0.000 0.000 -0.000 0.000 0.000 0.000 0.790 0.000 0.000
PUI.PUI5   0.000 0.000 0.000 0.000  0.000 0.000 0.000 0.000 0.000 0.000  0.000 0.000 0.000 0.000 0.809 0.000 0.000
PUI.PUI7   0.000 0.000 0.000 0.000  0.000 0.000 0.000 0.000 0.000 0.000  0.000 0.000 0.000 0.000 0.803 0.000 0.000
PUI.PUI8   0.000 0.000 0.000 0.000  0.000 0.000 0.000 0.000 0.000 0.000  0.000 0.000 0.000 0.000 0.816 0.000 0.000
TKR.TKR1   0.000 0.000 0.000 0.000  0.000 0.000 0.000 0.000 0.000 0.000  0.000 0.000 0.000 0.000 0.000 0.828 0.000
TKR.TKR2   0.000 0.000 0.000 0.000  0.000 0.000 0.000 0.000 0.000 0.000  0.000 0.000 0.000 0.000 0.000 0.830 0.000
TKR.TKR3   0.000 0.000 0.000 0.000  0.000 0.000 0.000 0.000 0.000 0.000  0.000 0.000 0.000 0.000 0.000 0.811 0.000
TKR.TKR4   0.000 0.000 0.000 0.000  0.000 0.000 0.000 0.000 0.000 0.000  0.000 0.000 0.000 0.000 0.000 0.825 0.000
WEI.WEI1   0.000 0.000 0.000 0.000  0.000 0.000 0.000 0.000 0.000 0.000  0.000 0.000 0.000 0.000 0.000 0.000 0.770
WEI.WEI2   0.000 0.000 0.000 0.000  0.000 0.000 0.000 0.000 0.000 0.000  0.000 0.000 0.000 0.000 0.000 0.000 0.741
WEI.WEI3   0.000 0.000 0.000 0.000  0.000 0.000 0.000 0.000 0.000 0.000  0.000 0.000 0.000 0.000 0.000 0.000 0.785
WEI.WEI4   0.000 0.000 0.000 0.000  0.000 0.000 0.000 0.000 0.000 0.000  0.000 0.000 0.000 0.000 0.000 0.000 0.786
WEI.WEI5   0.000 0.000 0.000 0.000  0.000 0.000 0.000 0.000 0.000 0.000  0.000 0.000 0.000 0.000 0.000 0.000 0.782
WEI.WEI6   0.000 0.000 0.000 0.000  0.000 0.000 0.000 0.000 0.000 0.000  0.000 0.000 0.000 0.000 0.000 0.000 0.750
WEI.WEI7   0.000 0.000 0.000 0.000  0.000 0.000 0.000 0.000 0.000 0.000  0.000 0.000 0.000 0.000 0.000 0.000 0.784
WEI.WEI8   0.000 0.000 0.000 0.000  0.000 0.000 0.000 0.000 0.000 0.000  0.000 0.000 0.000 0.000 0.000 0.000 0.794


indicator reliability (>.500)
            IoIT   EoA   EoI   IMG  PEOU   VIS   VOI   PUA   RES   SQR    SR    LS   PPC    PS   PUI   TKR   WEI
IMG        0.559 0.000 0.000 0.000 0.000 0.000 0.000 0.000 0.000 0.000 0.000 0.000 0.000 0.000 0.000 0.000 0.000
PEOU       0.590 0.000 0.000 0.000 0.000 0.000 0.000 0.000 0.000 0.000 0.000 0.000 0.000 0.000 0.000 0.000 0.000
VIS        0.563 0.000 0.000 0.000 0.000 0.000 0.000 0.000 0.000 0.000 0.000 0.000 0.000 0.000 0.000 0.000 0.000
VOI        0.254 0.000 0.000 0.000 0.000 0.000 0.000 0.000 0.000 0.000 0.000 0.000 0.000 0.000 0.000 0.000 0.000
PUA        0.000 0.714 0.000 0.000 0.000 0.000 0.000 0.000 0.000 0.000 0.000 0.000 0.000 0.000 0.000 0.000 0.000
RES        0.000 0.633 0.000 0.000 0.000 0.000 0.000 0.000 0.000 0.000 0.000 0.000 0.000 0.000 0.000 0.000 0.000
SQR        0.000 0.450 0.000 0.000 0.000 0.000 0.000 0.000 0.000 0.000 0.000 0.000 0.000 0.000 0.000 0.000 0.000
SR         0.000 0.152 0.000 0.000 0.000 0.000 0.000 0.000 0.000 0.000 0.000 0.000 0.000 0.000 0.000 0.000 0.000
LS         0.000 0.000 0.779 0.000 0.000 0.000 0.000 0.000 0.000 0.000 0.000 0.000 0.000 0.000 0.000 0.000 0.000
PPC        0.000 0.000 0.764 0.000 0.000 0.000 0.000 0.000 0.000 0.000 0.000 0.000 0.000 0.000 0.000 0.000 0.000
PS         0.000 0.000 0.806 0.000 0.000 0.000 0.000 0.000 0.000 0.000 0.000 0.000 0.000 0.000 0.000 0.000 0.000
PUI        0.000 0.000 0.821 0.000 0.000 0.000 0.000 0.000 0.000 0.000 0.000 0.000 0.000 0.000 0.000 0.000 0.000
TKR        0.000 0.000 0.435 0.000 0.000 0.000 0.000 0.000 0.000 0.000 0.000 0.000 0.000 0.000 0.000 0.000 0.000
WEI        0.000 0.000 0.797 0.000 0.000 0.000 0.000 0.000 0.000 0.000 0.000 0.000 0.000 0.000 0.000 0.000 0.000
IMG.IMG1   0.000 0.000 0.000 0.785 0.000 0.000 0.000 0.000 0.000 0.000 0.000 0.000 0.000 0.000 0.000 0.000 0.000
IMG.IMG2   0.000 0.000 0.000 0.772 0.000 0.000 0.000 0.000 0.000 0.000 0.000 0.000 0.000 0.000 0.000 0.000 0.000
IMG.IMG3   0.000 0.000 0.000 0.782 0.000 0.000 0.000 0.000 0.000 0.000 0.000 0.000 0.000 0.000 0.000 0.000 0.000
PEOU.PEOU1 0.000 0.000 0.000 0.000 0.622 0.000 0.000 0.000 0.000 0.000 0.000 0.000 0.000 0.000 0.000 0.000 0.000
PEOU.PEOU2 0.000 0.000 0.000 0.000 0.678 0.000 0.000 0.000 0.000 0.000 0.000 0.000 0.000 0.000 0.000 0.000 0.000
PEOU.PEOU3 0.000 0.000 0.000 0.000 0.700 0.000 0.000 0.000 0.000 0.000 0.000 0.000 0.000 0.000 0.000 0.000 0.000
PEOU.PEOU4 0.000 0.000 0.000 0.000 0.643 0.000 0.000 0.000 0.000 0.000 0.000 0.000 0.000 0.000 0.000 0.000 0.000
PEOU.PEOU6 0.000 0.000 0.000 0.000 0.616 0.000 0.000 0.000 0.000 0.000 0.000 0.000 0.000 0.000 0.000 0.000 0.000
VIS.VIS1   0.000 0.000 0.000 0.000 0.000 0.707 0.000 0.000 0.000 0.000 0.000 0.000 0.000 0.000 0.000 0.000 0.000
VIS.VIS2   0.000 0.000 0.000 0.000 0.000 0.700 0.000 0.000 0.000 0.000 0.000 0.000 0.000 0.000 0.000 0.000 0.000
VIS.VIS3   0.000 0.000 0.000 0.000 0.000 0.738 0.000 0.000 0.000 0.000 0.000 0.000 0.000 0.000 0.000 0.000 0.000
VOI.VOI1   0.000 0.000 0.000 0.000 0.000 0.000 0.762 0.000 0.000 0.000 0.000 0.000 0.000 0.000 0.000 0.000 0.000
VOI.VOI2   0.000 0.000 0.000 0.000 0.000 0.000 0.814 0.000 0.000 0.000 0.000 0.000 0.000 0.000 0.000 0.000 0.000
VOI.VOI3   0.000 0.000 0.000 0.000 0.000 0.000 0.729 0.000 0.000 0.000 0.000 0.000 0.000 0.000 0.000 0.000 0.000
PUA.PUA1   0.000 0.000 0.000 0.000 0.000 0.000 0.000 0.688 0.000 0.000 0.000 0.000 0.000 0.000 0.000 0.000 0.000
PUA.PUA2   0.000 0.000 0.000 0.000 0.000 0.000 0.000 0.642 0.000 0.000 0.000 0.000 0.000 0.000 0.000 0.000 0.000
PUA.PUA3   0.000 0.000 0.000 0.000 0.000 0.000 0.000 0.654 0.000 0.000 0.000 0.000 0.000 0.000 0.000 0.000 0.000
PUA.PUA4   0.000 0.000 0.000 0.000 0.000 0.000 0.000 0.624 0.000 0.000 0.000 0.000 0.000 0.000 0.000 0.000 0.000
PUA.PUA5   0.000 0.000 0.000 0.000 0.000 0.000 0.000 0.676 0.000 0.000 0.000 0.000 0.000 0.000 0.000 0.000 0.000
PUA.PUA7   0.000 0.000 0.000 0.000 0.000 0.000 0.000 0.624 0.000 0.000 0.000 0.000 0.000 0.000 0.000 0.000 0.000
PUA.PUA8   0.000 0.000 0.000 0.000 0.000 0.000 0.000 0.693 0.000 0.000 0.000 0.000 0.000 0.000 0.000 0.000 0.000
RES.RES1   0.000 0.000 0.000 0.000 0.000 0.000 0.000 0.000 0.589 0.000 0.000 0.000 0.000 0.000 0.000 0.000 0.000
RES.RES2   0.000 0.000 0.000 0.000 0.000 0.000 0.000 0.000 0.647 0.000 0.000 0.000 0.000 0.000 0.000 0.000 0.000
RES.RES3   0.000 0.000 0.000 0.000 0.000 0.000 0.000 0.000 0.671 0.000 0.000 0.000 0.000 0.000 0.000 0.000 0.000
SQR.SQR1   0.000 0.000 0.000 0.000 0.000 0.000 0.000 0.000 0.000 0.700 0.000 0.000 0.000 0.000 0.000 0.000 0.000
SQR.SQR2   0.000 0.000 0.000 0.000 0.000 0.000 0.000 0.000 0.000 0.715 0.000 0.000 0.000 0.000 0.000 0.000 0.000
SQR.SQR3   0.000 0.000 0.000 0.000 0.000 0.000 0.000 0.000 0.000 0.661 0.000 0.000 0.000 0.000 0.000 0.000 0.000
SR.SR1     0.000 0.000 0.000 0.000 0.000 0.000 0.000 0.000 0.000 0.000 0.770 0.000 0.000 0.000 0.000 0.000 0.000
SR.SR2     0.000 0.000 0.000 0.000 0.000 0.000 0.000 0.000 0.000 0.000 0.712 0.000 0.000 0.000 0.000 0.000 0.000
SR.SR3     0.000 0.000 0.000 0.000 0.000 0.000 0.000 0.000 0.000 0.000 0.795 0.000 0.000 0.000 0.000 0.000 0.000
SR.SR4     0.000 0.000 0.000 0.000 0.000 0.000 0.000 0.000 0.000 0.000 0.781 0.000 0.000 0.000 0.000 0.000 0.000
LS.LS1     0.000 0.000 0.000 0.000 0.000 0.000 0.000 0.000 0.000 0.000 0.000 0.531 0.000 0.000 0.000 0.000 0.000
LS.LS2     0.000 0.000 0.000 0.000 0.000 0.000 0.000 0.000 0.000 0.000 0.000 0.495 0.000 0.000 0.000 0.000 0.000
LS.LS3     0.000 0.000 0.000 0.000 0.000 0.000 0.000 0.000 0.000 0.000 0.000 0.569 0.000 0.000 0.000 0.000 0.000
LS.LS4     0.000 0.000 0.000 0.000 0.000 0.000 0.000 0.000 0.000 0.000 0.000 0.618 0.000 0.000 0.000 0.000 0.000
LS.LS5     0.000 0.000 0.000 0.000 0.000 0.000 0.000 0.000 0.000 0.000 0.000 0.606 0.000 0.000 0.000 0.000 0.000
LS.LS6     0.000 0.000 0.000 0.000 0.000 0.000 0.000 0.000 0.000 0.000 0.000 0.624 0.000 0.000 0.000 0.000 0.000
LS.LS7     0.000 0.000 0.000 0.000 0.000 0.000 0.000 0.000 0.000 0.000 0.000 0.507 0.000 0.000 0.000 0.000 0.000
LS.LS8     0.000 0.000 0.000 0.000 0.000 0.000 0.000 0.000 0.000 0.000 0.000 0.642 0.000 0.000 0.000 0.000 0.000
PPC.PPC1   0.000 0.000 0.000 0.000 0.000 0.000 0.000 0.000 0.000 0.000 0.000 0.000 0.594 0.000 0.000 0.000 0.000
PPC.PPC2   0.000 0.000 0.000 0.000 0.000 0.000 0.000 0.000 0.000 0.000 0.000 0.000 0.521 0.000 0.000 0.000 0.000
PPC.PPC3   0.000 0.000 0.000 0.000 0.000 0.000 0.000 0.000 0.000 0.000 0.000 0.000 0.576 0.000 0.000 0.000 0.000
PPC.PPC4   0.000 0.000 0.000 0.000 0.000 0.000 0.000 0.000 0.000 0.000 0.000 0.000 0.629 0.000 0.000 0.000 0.000
PPC.PPC5   0.000 0.000 0.000 0.000 0.000 0.000 0.000 0.000 0.000 0.000 0.000 0.000 0.551 0.000 0.000 0.000 0.000
PPC.PPC6   0.000 0.000 0.000 0.000 0.000 0.000 0.000 0.000 0.000 0.000 0.000 0.000 0.615 0.000 0.000 0.000 0.000
PS.PS1     0.000 0.000 0.000 0.000 0.000 0.000 0.000 0.000 0.000 0.000 0.000 0.000 0.000 0.660 0.000 0.000 0.000
PS.PS2     0.000 0.000 0.000 0.000 0.000 0.000 0.000 0.000 0.000 0.000 0.000 0.000 0.000 0.656 0.000 0.000 0.000
PS.PS3     0.000 0.000 0.000 0.000 0.000 0.000 0.000 0.000 0.000 0.000 0.000 0.000 0.000 0.657 0.000 0.000 0.000
PS.PS4     0.000 0.000 0.000 0.000 0.000 0.000 0.000 0.000 0.000 0.000 0.000 0.000 0.000 0.599 0.000 0.000 0.000
PS.PS5     0.000 0.000 0.000 0.000 0.000 0.000 0.000 0.000 0.000 0.000 0.000 0.000 0.000 0.629 0.000 0.000 0.000
PS.PS6     0.000 0.000 0.000 0.000 0.000 0.000 0.000 0.000 0.000 0.000 0.000 0.000 0.000 0.606 0.000 0.000 0.000
PS.PS7     0.000 0.000 0.000 0.000 0.000 0.000 0.000 0.000 0.000 0.000 0.000 0.000 0.000 0.645 0.000 0.000 0.000
PS.PS8     0.000 0.000 0.000 0.000 0.000 0.000 0.000 0.000 0.000 0.000 0.000 0.000 0.000 0.601 0.000 0.000 0.000
PS.PS9     0.000 0.000 0.000 0.000 0.000 0.000 0.000 0.000 0.000 0.000 0.000 0.000 0.000 0.657 0.000 0.000 0.000
PS.PS10    0.000 0.000 0.000 0.000 0.000 0.000 0.000 0.000 0.000 0.000 0.000 0.000 0.000 0.539 0.000 0.000 0.000
PS.PS11    0.000 0.000 0.000 0.000 0.000 0.000 0.000 0.000 0.000 0.000 0.000 0.000 0.000 0.609 0.000 0.000 0.000
PUI.PUI1   0.000 0.000 0.000 0.000 0.000 0.000 0.000 0.000 0.000 0.000 0.000 0.000 0.000 0.000 0.678 0.000 0.000
PUI.PUI2   0.000 0.000 0.000 0.000 0.000 0.000 0.000 0.000 0.000 0.000 0.000 0.000 0.000 0.000 0.657 0.000 0.000
PUI.PUI3   0.000 0.000 0.000 0.000 0.000 0.000 0.000 0.000 0.000 0.000 0.000 0.000 0.000 0.000 0.704 0.000 0.000
PUI.PUI4   0.000 0.000 0.000 0.000 0.000 0.000 0.000 0.000 0.000 0.000 0.000 0.000 0.000 0.000 0.623 0.000 0.000
PUI.PUI5   0.000 0.000 0.000 0.000 0.000 0.000 0.000 0.000 0.000 0.000 0.000 0.000 0.000 0.000 0.655 0.000 0.000
PUI.PUI7   0.000 0.000 0.000 0.000 0.000 0.000 0.000 0.000 0.000 0.000 0.000 0.000 0.000 0.000 0.645 0.000 0.000
PUI.PUI8   0.000 0.000 0.000 0.000 0.000 0.000 0.000 0.000 0.000 0.000 0.000 0.000 0.000 0.000 0.666 0.000 0.000
TKR.TKR1   0.000 0.000 0.000 0.000 0.000 0.000 0.000 0.000 0.000 0.000 0.000 0.000 0.000 0.000 0.000 0.685 0.000
TKR.TKR2   0.000 0.000 0.000 0.000 0.000 0.000 0.000 0.000 0.000 0.000 0.000 0.000 0.000 0.000 0.000 0.688 0.000
TKR.TKR3   0.000 0.000 0.000 0.000 0.000 0.000 0.000 0.000 0.000 0.000 0.000 0.000 0.000 0.000 0.000 0.658 0.000
TKR.TKR4   0.000 0.000 0.000 0.000 0.000 0.000 0.000 0.000 0.000 0.000 0.000 0.000 0.000 0.000 0.000 0.681 0.000
WEI.WEI1   0.000 0.000 0.000 0.000 0.000 0.000 0.000 0.000 0.000 0.000 0.000 0.000 0.000 0.000 0.000 0.000 0.593
WEI.WEI2   0.000 0.000 0.000 0.000 0.000 0.000 0.000 0.000 0.000 0.000 0.000 0.000 0.000 0.000 0.000 0.000 0.550
WEI.WEI3   0.000 0.000 0.000 0.000 0.000 0.000 0.000 0.000 0.000 0.000 0.000 0.000 0.000 0.000 0.000 0.000 0.617
WEI.WEI4   0.000 0.000 0.000 0.000 0.000 0.000 0.000 0.000 0.000 0.000 0.000 0.000 0.000 0.000 0.000 0.000 0.619
WEI.WEI5   0.000 0.000 0.000 0.000 0.000 0.000 0.000 0.000 0.000 0.000 0.000 0.000 0.000 0.000 0.000 0.000 0.611
WEI.WEI6   0.000 0.000 0.000 0.000 0.000 0.000 0.000 0.000 0.000 0.000 0.000 0.000 0.000 0.000 0.000 0.000 0.562
WEI.WEI7   0.000 0.000 0.000 0.000 0.000 0.000 0.000 0.000 0.000 0.000 0.000 0.000 0.000 0.000 0.000 0.000 0.614
WEI.WEI8   0.000 0.000 0.000 0.000 0.000 0.000 0.000 0.000 0.000 0.000 0.000 0.000 0.000 0.000 0.000 0.000 0.630


composite reliability
     alpha  rhoC   AVE  rhoA
IoIT 0.662 0.790 0.491 0.698
EoA  0.643 0.780 0.487 0.726
EoI  0.925 0.942 0.734 0.932
IMG  0.859 0.914 0.780 0.859
PEOU 0.866 0.903 0.652 0.866
VIS  0.801 0.883 0.715 0.804
VOI  0.849 0.909 0.768 0.852
PUA  0.913 0.931 0.657 0.913
RES  0.715 0.840 0.636 0.719
SQR  0.778 0.871 0.692 0.778
SR   0.897 0.928 0.764 0.901
LS   0.894 0.915 0.574 0.895
PPC  0.856 0.893 0.581 0.858
PS   0.939 0.948 0.623 0.940
PUI  0.915 0.932 0.661 0.915
TKR  0.842 0.894 0.678 0.842
WEI  0.904 0.923 0.599 0.905

Alpha, rhoC, and rhoA should exceed 0.7 while AVE should exceed 0.5


HTMT (lavaan/semTools)
       IMG  PEOU   VIS   VOI   PUA   RES   SQR    SR    LS   PPC    PS   PUI   TKR   WEI
IMG  1.000                                                                              
PEOU 0.347 1.000                                                                        
VIS  0.428 0.557 1.000                                                                  
VOI  0.595 0.091 0.266 1.000                                                            
PUA  0.373 0.770 0.516 0.110 1.000                                                      
RES  0.330 0.790 0.503 0.091 0.739 1.000                                                
SQR  0.597 0.375 0.319 0.434 0.415 0.369 1.000                                          
SR   0.529 0.050 0.121 0.611 0.095 0.048 0.546 1.000                                    
LS   0.536 0.707 0.523 0.260 0.845 0.679 0.525 0.227 1.000                              
PPC  0.519 0.728 0.528 0.291 0.795 0.696 0.528 0.219 0.825 1.000                        
PS   0.369 0.762 0.518 0.092 0.903 0.754 0.413 0.098 0.821 0.768 1.000                  
PUI  0.391 0.780 0.514 0.091 0.936 0.756 0.402 0.078 0.835 0.827 0.901 1.000            
TKR  0.613 0.454 0.363 0.540 0.483 0.424 0.567 0.465 0.549 0.593 0.478 0.491 1.000      
WEI  0.531 0.738 0.598 0.257 0.834 0.715 0.534 0.263 0.862 0.778 0.825 0.838 0.595 1.000
