indicator loadings (>.708)
            IoIT   EoA   EoI   IMG  PEOU   VIS   VOI   PUA   RES   SQR    LS   PPC    PS   TKR   WEI
IMG        0.740 0.000 0.000 0.000 0.000 0.000 0.000 0.000 0.000 0.000 0.000 0.000 0.000 0.000 0.000
PEOU       0.787 0.000 0.000 0.000 0.000 0.000 0.000 0.000 0.000 0.000 0.000 0.000 0.000 0.000 0.000
VIS        0.755 0.000 0.000 0.000 0.000 0.000 0.000 0.000 0.000 0.000 0.000 0.000 0.000 0.000 0.000
VOI        0.495 0.000 0.000 0.000 0.000 0.000 0.000 0.000 0.000 0.000 0.000 0.000 0.000 0.000 0.000
PUA        0.000 0.873 0.000 0.000 0.000 0.000 0.000 0.000 0.000 0.000 0.000 0.000 0.000 0.000 0.000
RES        0.000 0.827 0.000 0.000 0.000 0.000 0.000 0.000 0.000 0.000 0.000 0.000 0.000 0.000 0.000
SQR        0.000 0.631 0.000 0.000 0.000 0.000 0.000 0.000 0.000 0.000 0.000 0.000 0.000 0.000 0.000
LS         0.000 0.000 0.889 0.000 0.000 0.000 0.000 0.000 0.000 0.000 0.000 0.000 0.000 0.000 0.000
PPC        0.000 0.000 0.878 0.000 0.000 0.000 0.000 0.000 0.000 0.000 0.000 0.000 0.000 0.000 0.000
PS         0.000 0.000 0.888 0.000 0.000 0.000 0.000 0.000 0.000 0.000 0.000 0.000 0.000 0.000 0.000
TKR        0.000 0.000 0.680 0.000 0.000 0.000 0.000 0.000 0.000 0.000 0.000 0.000 0.000 0.000 0.000
WEI        0.000 0.000 0.898 0.000 0.000 0.000 0.000 0.000 0.000 0.000 0.000 0.000 0.000 0.000 0.000
IMG.IMG1   0.000 0.000 0.000 0.886 0.000 0.000 0.000 0.000 0.000 0.000 0.000 0.000 0.000 0.000 0.000
IMG.IMG2   0.000 0.000 0.000 0.879 0.000 0.000 0.000 0.000 0.000 0.000 0.000 0.000 0.000 0.000 0.000
IMG.IMG3   0.000 0.000 0.000 0.885 0.000 0.000 0.000 0.000 0.000 0.000 0.000 0.000 0.000 0.000 0.000
PEOU.PEOU1 0.000 0.000 0.000 0.000 0.773 0.000 0.000 0.000 0.000 0.000 0.000 0.000 0.000 0.000 0.000
PEOU.PEOU2 0.000 0.000 0.000 0.000 0.807 0.000 0.000 0.000 0.000 0.000 0.000 0.000 0.000 0.000 0.000
PEOU.PEOU3 0.000 0.000 0.000 0.000 0.829 0.000 0.000 0.000 0.000 0.000 0.000 0.000 0.000 0.000 0.000
PEOU.PEOU4 0.000 0.000 0.000 0.000 0.802 0.000 0.000 0.000 0.000 0.000 0.000 0.000 0.000 0.000 0.000
PEOU.PEOU5 0.000 0.000 0.000 0.000 0.694 0.000 0.000 0.000 0.000 0.000 0.000 0.000 0.000 0.000 0.000
PEOU.PEOU6 0.000 0.000 0.000 0.000 0.779 0.000 0.000 0.000 0.000 0.000 0.000 0.000 0.000 0.000 0.000
VIS.VIS1   0.000 0.000 0.000 0.000 0.000 0.842 0.000 0.000 0.000 0.000 0.000 0.000 0.000 0.000 0.000
VIS.VIS2   0.000 0.000 0.000 0.000 0.000 0.837 0.000 0.000 0.000 0.000 0.000 0.000 0.000 0.000 0.000
VIS.VIS3   0.000 0.000 0.000 0.000 0.000 0.858 0.000 0.000 0.000 0.000 0.000 0.000 0.000 0.000 0.000
VOI.VOI1   0.000 0.000 0.000 0.000 0.000 0.000 0.880 0.000 0.000 0.000 0.000 0.000 0.000 0.000 0.000
VOI.VOI2   0.000 0.000 0.000 0.000 0.000 0.000 0.899 0.000 0.000 0.000 0.000 0.000 0.000 0.000 0.000
VOI.VOI3   0.000 0.000 0.000 0.000 0.000 0.000 0.850 0.000 0.000 0.000 0.000 0.000 0.000 0.000 0.000
PUA.PUA1   0.000 0.000 0.000 0.000 0.000 0.000 0.000 0.830 0.000 0.000 0.000 0.000 0.000 0.000 0.000
PUA.PUA2   0.000 0.000 0.000 0.000 0.000 0.000 0.000 0.802 0.000 0.000 0.000 0.000 0.000 0.000 0.000
PUA.PUA3   0.000 0.000 0.000 0.000 0.000 0.000 0.000 0.809 0.000 0.000 0.000 0.000 0.000 0.000 0.000
PUA.PUA4   0.000 0.000 0.000 0.000 0.000 0.000 0.000 0.789 0.000 0.000 0.000 0.000 0.000 0.000 0.000
PUA.PUA5   0.000 0.000 0.000 0.000 0.000 0.000 0.000 0.822 0.000 0.000 0.000 0.000 0.000 0.000 0.000
PUA.PUA7   0.000 0.000 0.000 0.000 0.000 0.000 0.000 0.790 0.000 0.000 0.000 0.000 0.000 0.000 0.000
PUA.PUA8   0.000 0.000 0.000 0.000 0.000 0.000 0.000 0.832 0.000 0.000 0.000 0.000 0.000 0.000 0.000
RES.RES1   0.000 0.000 0.000 0.000 0.000 0.000 0.000 0.000 0.768 0.000 0.000 0.000 0.000 0.000 0.000
RES.RES2   0.000 0.000 0.000 0.000 0.000 0.000 0.000 0.000 0.806 0.000 0.000 0.000 0.000 0.000 0.000
RES.RES3   0.000 0.000 0.000 0.000 0.000 0.000 0.000 0.000 0.818 0.000 0.000 0.000 0.000 0.000 0.000
SQR.SQR1   0.000 0.000 0.000 0.000 0.000 0.000 0.000 0.000 0.000 0.833 0.000 0.000 0.000 0.000 0.000
SQR.SQR2   0.000 0.000 0.000 0.000 0.000 0.000 0.000 0.000 0.000 0.844 0.000 0.000 0.000 0.000 0.000
SQR.SQR3   0.000 0.000 0.000 0.000 0.000 0.000 0.000 0.000 0.000 0.818 0.000 0.000 0.000 0.000 0.000
LS.LS1     0.000 0.000 0.000 0.000 0.000 0.000 0.000 0.000 0.000 0.000 0.729 0.000 0.000 0.000 0.000
LS.LS2     0.000 0.000 0.000 0.000 0.000 0.000 0.000 0.000 0.000 0.000 0.703 0.000 0.000 0.000 0.000
LS.LS3     0.000 0.000 0.000 0.000 0.000 0.000 0.000 0.000 0.000 0.000 0.754 0.000 0.000 0.000 0.000
LS.LS4     0.000 0.000 0.000 0.000 0.000 0.000 0.000 0.000 0.000 0.000 0.786 0.000 0.000 0.000 0.000
LS.LS5     0.000 0.000 0.000 0.000 0.000 0.000 0.000 0.000 0.000 0.000 0.779 0.000 0.000 0.000 0.000
LS.LS6     0.000 0.000 0.000 0.000 0.000 0.000 0.000 0.000 0.000 0.000 0.790 0.000 0.000 0.000 0.000
LS.LS7     0.000 0.000 0.000 0.000 0.000 0.000 0.000 0.000 0.000 0.000 0.712 0.000 0.000 0.000 0.000
LS.LS8     0.000 0.000 0.000 0.000 0.000 0.000 0.000 0.000 0.000 0.000 0.801 0.000 0.000 0.000 0.000
PPC.PPC1   0.000 0.000 0.000 0.000 0.000 0.000 0.000 0.000 0.000 0.000 0.000 0.771 0.000 0.000 0.000
PPC.PPC2   0.000 0.000 0.000 0.000 0.000 0.000 0.000 0.000 0.000 0.000 0.000 0.722 0.000 0.000 0.000
PPC.PPC3   0.000 0.000 0.000 0.000 0.000 0.000 0.000 0.000 0.000 0.000 0.000 0.759 0.000 0.000 0.000
PPC.PPC4   0.000 0.000 0.000 0.000 0.000 0.000 0.000 0.000 0.000 0.000 0.000 0.793 0.000 0.000 0.000
PPC.PPC5   0.000 0.000 0.000 0.000 0.000 0.000 0.000 0.000 0.000 0.000 0.000 0.743 0.000 0.000 0.000
PPC.PPC6   0.000 0.000 0.000 0.000 0.000 0.000 0.000 0.000 0.000 0.000 0.000 0.784 0.000 0.000 0.000
PS.PS1     0.000 0.000 0.000 0.000 0.000 0.000 0.000 0.000 0.000 0.000 0.000 0.000 0.813 0.000 0.000
PS.PS2     0.000 0.000 0.000 0.000 0.000 0.000 0.000 0.000 0.000 0.000 0.000 0.000 0.810 0.000 0.000
PS.PS3     0.000 0.000 0.000 0.000 0.000 0.000 0.000 0.000 0.000 0.000 0.000 0.000 0.810 0.000 0.000
PS.PS4     0.000 0.000 0.000 0.000 0.000 0.000 0.000 0.000 0.000 0.000 0.000 0.000 0.774 0.000 0.000
PS.PS5     0.000 0.000 0.000 0.000 0.000 0.000 0.000 0.000 0.000 0.000 0.000 0.000 0.793 0.000 0.000
PS.PS6     0.000 0.000 0.000 0.000 0.000 0.000 0.000 0.000 0.000 0.000 0.000 0.000 0.778 0.000 0.000
PS.PS7     0.000 0.000 0.000 0.000 0.000 0.000 0.000 0.000 0.000 0.000 0.000 0.000 0.803 0.000 0.000
PS.PS8     0.000 0.000 0.000 0.000 0.000 0.000 0.000 0.000 0.000 0.000 0.000 0.000 0.775 0.000 0.000
PS.PS9     0.000 0.000 0.000 0.000 0.000 0.000 0.000 0.000 0.000 0.000 0.000 0.000 0.810 0.000 0.000
PS.PS10    0.000 0.000 0.000 0.000 0.000 0.000 0.000 0.000 0.000 0.000 0.000 0.000 0.734 0.000 0.000
PS.PS11    0.000 0.000 0.000 0.000 0.000 0.000 0.000 0.000 0.000 0.000 0.000 0.000 0.781 0.000 0.000
TKR.TKR1   0.000 0.000 0.000 0.000 0.000 0.000 0.000 0.000 0.000 0.000 0.000 0.000 0.000 0.828 0.000
TKR.TKR2   0.000 0.000 0.000 0.000 0.000 0.000 0.000 0.000 0.000 0.000 0.000 0.000 0.000 0.828 0.000
TKR.TKR3   0.000 0.000 0.000 0.000 0.000 0.000 0.000 0.000 0.000 0.000 0.000 0.000 0.000 0.812 0.000
TKR.TKR4   0.000 0.000 0.000 0.000 0.000 0.000 0.000 0.000 0.000 0.000 0.000 0.000 0.000 0.826 0.000
WEI.WEI1   0.000 0.000 0.000 0.000 0.000 0.000 0.000 0.000 0.000 0.000 0.000 0.000 0.000 0.000 0.770
WEI.WEI2   0.000 0.000 0.000 0.000 0.000 0.000 0.000 0.000 0.000 0.000 0.000 0.000 0.000 0.000 0.741
WEI.WEI3   0.000 0.000 0.000 0.000 0.000 0.000 0.000 0.000 0.000 0.000 0.000 0.000 0.000 0.000 0.786
WEI.WEI4   0.000 0.000 0.000 0.000 0.000 0.000 0.000 0.000 0.000 0.000 0.000 0.000 0.000 0.000 0.787
WEI.WEI5   0.000 0.000 0.000 0.000 0.000 0.000 0.000 0.000 0.000 0.000 0.000 0.000 0.000 0.000 0.781
WEI.WEI6   0.000 0.000 0.000 0.000 0.000 0.000 0.000 0.000 0.000 0.000 0.000 0.000 0.000 0.000 0.750
WEI.WEI7   0.000 0.000 0.000 0.000 0.000 0.000 0.000 0.000 0.000 0.000 0.000 0.000 0.000 0.000 0.784
WEI.WEI8   0.000 0.000 0.000 0.000 0.000 0.000 0.000 0.000 0.000 0.000 0.000 0.000 0.000 0.000 0.794


indicator reliability (>.500)
            IoIT   EoA   EoI   IMG  PEOU   VIS   VOI   PUA   RES   SQR    LS   PPC    PS   TKR   WEI
IMG        0.547 0.000 0.000 0.000 0.000 0.000 0.000 0.000 0.000 0.000 0.000 0.000 0.000 0.000 0.000
PEOU       0.620 0.000 0.000 0.000 0.000 0.000 0.000 0.000 0.000 0.000 0.000 0.000 0.000 0.000 0.000
VIS        0.570 0.000 0.000 0.000 0.000 0.000 0.000 0.000 0.000 0.000 0.000 0.000 0.000 0.000 0.000
VOI        0.245 0.000 0.000 0.000 0.000 0.000 0.000 0.000 0.000 0.000 0.000 0.000 0.000 0.000 0.000
PUA        0.000 0.762 0.000 0.000 0.000 0.000 0.000 0.000 0.000 0.000 0.000 0.000 0.000 0.000 0.000
RES        0.000 0.684 0.000 0.000 0.000 0.000 0.000 0.000 0.000 0.000 0.000 0.000 0.000 0.000 0.000
SQR        0.000 0.398 0.000 0.000 0.000 0.000 0.000 0.000 0.000 0.000 0.000 0.000 0.000 0.000 0.000
LS         0.000 0.000 0.790 0.000 0.000 0.000 0.000 0.000 0.000 0.000 0.000 0.000 0.000 0.000 0.000
PPC        0.000 0.000 0.771 0.000 0.000 0.000 0.000 0.000 0.000 0.000 0.000 0.000 0.000 0.000 0.000
PS         0.000 0.000 0.788 0.000 0.000 0.000 0.000 0.000 0.000 0.000 0.000 0.000 0.000 0.000 0.000
TKR        0.000 0.000 0.462 0.000 0.000 0.000 0.000 0.000 0.000 0.000 0.000 0.000 0.000 0.000 0.000
WEI        0.000 0.000 0.807 0.000 0.000 0.000 0.000 0.000 0.000 0.000 0.000 0.000 0.000 0.000 0.000
IMG.IMG1   0.000 0.000 0.000 0.784 0.000 0.000 0.000 0.000 0.000 0.000 0.000 0.000 0.000 0.000 0.000
IMG.IMG2   0.000 0.000 0.000 0.772 0.000 0.000 0.000 0.000 0.000 0.000 0.000 0.000 0.000 0.000 0.000
IMG.IMG3   0.000 0.000 0.000 0.783 0.000 0.000 0.000 0.000 0.000 0.000 0.000 0.000 0.000 0.000 0.000
PEOU.PEOU1 0.000 0.000 0.000 0.000 0.597 0.000 0.000 0.000 0.000 0.000 0.000 0.000 0.000 0.000 0.000
PEOU.PEOU2 0.000 0.000 0.000 0.000 0.651 0.000 0.000 0.000 0.000 0.000 0.000 0.000 0.000 0.000 0.000
PEOU.PEOU3 0.000 0.000 0.000 0.000 0.687 0.000 0.000 0.000 0.000 0.000 0.000 0.000 0.000 0.000 0.000
PEOU.PEOU4 0.000 0.000 0.000 0.000 0.643 0.000 0.000 0.000 0.000 0.000 0.000 0.000 0.000 0.000 0.000
PEOU.PEOU5 0.000 0.000 0.000 0.000 0.481 0.000 0.000 0.000 0.000 0.000 0.000 0.000 0.000 0.000 0.000
PEOU.PEOU6 0.000 0.000 0.000 0.000 0.607 0.000 0.000 0.000 0.000 0.000 0.000 0.000 0.000 0.000 0.000
VIS.VIS1   0.000 0.000 0.000 0.000 0.000 0.708 0.000 0.000 0.000 0.000 0.000 0.000 0.000 0.000 0.000
VIS.VIS2   0.000 0.000 0.000 0.000 0.000 0.700 0.000 0.000 0.000 0.000 0.000 0.000 0.000 0.000 0.000
VIS.VIS3   0.000 0.000 0.000 0.000 0.000 0.736 0.000 0.000 0.000 0.000 0.000 0.000 0.000 0.000 0.000
VOI.VOI1   0.000 0.000 0.000 0.000 0.000 0.000 0.774 0.000 0.000 0.000 0.000 0.000 0.000 0.000 0.000
VOI.VOI2   0.000 0.000 0.000 0.000 0.000 0.000 0.808 0.000 0.000 0.000 0.000 0.000 0.000 0.000 0.000
VOI.VOI3   0.000 0.000 0.000 0.000 0.000 0.000 0.723 0.000 0.000 0.000 0.000 0.000 0.000 0.000 0.000
PUA.PUA1   0.000 0.000 0.000 0.000 0.000 0.000 0.000 0.689 0.000 0.000 0.000 0.000 0.000 0.000 0.000
PUA.PUA2   0.000 0.000 0.000 0.000 0.000 0.000 0.000 0.643 0.000 0.000 0.000 0.000 0.000 0.000 0.000
PUA.PUA3   0.000 0.000 0.000 0.000 0.000 0.000 0.000 0.654 0.000 0.000 0.000 0.000 0.000 0.000 0.000
PUA.PUA4   0.000 0.000 0.000 0.000 0.000 0.000 0.000 0.623 0.000 0.000 0.000 0.000 0.000 0.000 0.000
PUA.PUA5   0.000 0.000 0.000 0.000 0.000 0.000 0.000 0.675 0.000 0.000 0.000 0.000 0.000 0.000 0.000
PUA.PUA7   0.000 0.000 0.000 0.000 0.000 0.000 0.000 0.625 0.000 0.000 0.000 0.000 0.000 0.000 0.000
PUA.PUA8   0.000 0.000 0.000 0.000 0.000 0.000 0.000 0.693 0.000 0.000 0.000 0.000 0.000 0.000 0.000
RES.RES1   0.000 0.000 0.000 0.000 0.000 0.000 0.000 0.000 0.590 0.000 0.000 0.000 0.000 0.000 0.000
RES.RES2   0.000 0.000 0.000 0.000 0.000 0.000 0.000 0.000 0.650 0.000 0.000 0.000 0.000 0.000 0.000
RES.RES3   0.000 0.000 0.000 0.000 0.000 0.000 0.000 0.000 0.669 0.000 0.000 0.000 0.000 0.000 0.000
SQR.SQR1   0.000 0.000 0.000 0.000 0.000 0.000 0.000 0.000 0.000 0.695 0.000 0.000 0.000 0.000 0.000
SQR.SQR2   0.000 0.000 0.000 0.000 0.000 0.000 0.000 0.000 0.000 0.712 0.000 0.000 0.000 0.000 0.000
SQR.SQR3   0.000 0.000 0.000 0.000 0.000 0.000 0.000 0.000 0.000 0.669 0.000 0.000 0.000 0.000 0.000
LS.LS1     0.000 0.000 0.000 0.000 0.000 0.000 0.000 0.000 0.000 0.000 0.531 0.000 0.000 0.000 0.000
LS.LS2     0.000 0.000 0.000 0.000 0.000 0.000 0.000 0.000 0.000 0.000 0.495 0.000 0.000 0.000 0.000
LS.LS3     0.000 0.000 0.000 0.000 0.000 0.000 0.000 0.000 0.000 0.000 0.569 0.000 0.000 0.000 0.000
LS.LS4     0.000 0.000 0.000 0.000 0.000 0.000 0.000 0.000 0.000 0.000 0.618 0.000 0.000 0.000 0.000
LS.LS5     0.000 0.000 0.000 0.000 0.000 0.000 0.000 0.000 0.000 0.000 0.606 0.000 0.000 0.000 0.000
LS.LS6     0.000 0.000 0.000 0.000 0.000 0.000 0.000 0.000 0.000 0.000 0.624 0.000 0.000 0.000 0.000
LS.LS7     0.000 0.000 0.000 0.000 0.000 0.000 0.000 0.000 0.000 0.000 0.507 0.000 0.000 0.000 0.000
LS.LS8     0.000 0.000 0.000 0.000 0.000 0.000 0.000 0.000 0.000 0.000 0.642 0.000 0.000 0.000 0.000
PPC.PPC1   0.000 0.000 0.000 0.000 0.000 0.000 0.000 0.000 0.000 0.000 0.000 0.594 0.000 0.000 0.000
PPC.PPC2   0.000 0.000 0.000 0.000 0.000 0.000 0.000 0.000 0.000 0.000 0.000 0.521 0.000 0.000 0.000
PPC.PPC3   0.000 0.000 0.000 0.000 0.000 0.000 0.000 0.000 0.000 0.000 0.000 0.576 0.000 0.000 0.000
PPC.PPC4   0.000 0.000 0.000 0.000 0.000 0.000 0.000 0.000 0.000 0.000 0.000 0.629 0.000 0.000 0.000
PPC.PPC5   0.000 0.000 0.000 0.000 0.000 0.000 0.000 0.000 0.000 0.000 0.000 0.552 0.000 0.000 0.000
PPC.PPC6   0.000 0.000 0.000 0.000 0.000 0.000 0.000 0.000 0.000 0.000 0.000 0.615 0.000 0.000 0.000
PS.PS1     0.000 0.000 0.000 0.000 0.000 0.000 0.000 0.000 0.000 0.000 0.000 0.000 0.660 0.000 0.000
PS.PS2     0.000 0.000 0.000 0.000 0.000 0.000 0.000 0.000 0.000 0.000 0.000 0.000 0.656 0.000 0.000
PS.PS3     0.000 0.000 0.000 0.000 0.000 0.000 0.000 0.000 0.000 0.000 0.000 0.000 0.657 0.000 0.000
PS.PS4     0.000 0.000 0.000 0.000 0.000 0.000 0.000 0.000 0.000 0.000 0.000 0.000 0.599 0.000 0.000
PS.PS5     0.000 0.000 0.000 0.000 0.000 0.000 0.000 0.000 0.000 0.000 0.000 0.000 0.629 0.000 0.000
PS.PS6     0.000 0.000 0.000 0.000 0.000 0.000 0.000 0.000 0.000 0.000 0.000 0.000 0.606 0.000 0.000
PS.PS7     0.000 0.000 0.000 0.000 0.000 0.000 0.000 0.000 0.000 0.000 0.000 0.000 0.645 0.000 0.000
PS.PS8     0.000 0.000 0.000 0.000 0.000 0.000 0.000 0.000 0.000 0.000 0.000 0.000 0.600 0.000 0.000
PS.PS9     0.000 0.000 0.000 0.000 0.000 0.000 0.000 0.000 0.000 0.000 0.000 0.000 0.657 0.000 0.000
PS.PS10    0.000 0.000 0.000 0.000 0.000 0.000 0.000 0.000 0.000 0.000 0.000 0.000 0.539 0.000 0.000
PS.PS11    0.000 0.000 0.000 0.000 0.000 0.000 0.000 0.000 0.000 0.000 0.000 0.000 0.609 0.000 0.000
TKR.TKR1   0.000 0.000 0.000 0.000 0.000 0.000 0.000 0.000 0.000 0.000 0.000 0.000 0.000 0.686 0.000
TKR.TKR2   0.000 0.000 0.000 0.000 0.000 0.000 0.000 0.000 0.000 0.000 0.000 0.000 0.000 0.686 0.000
TKR.TKR3   0.000 0.000 0.000 0.000 0.000 0.000 0.000 0.000 0.000 0.000 0.000 0.000 0.000 0.659 0.000
TKR.TKR4   0.000 0.000 0.000 0.000 0.000 0.000 0.000 0.000 0.000 0.000 0.000 0.000 0.000 0.681 0.000
WEI.WEI1   0.000 0.000 0.000 0.000 0.000 0.000 0.000 0.000 0.000 0.000 0.000 0.000 0.000 0.000 0.593
WEI.WEI2   0.000 0.000 0.000 0.000 0.000 0.000 0.000 0.000 0.000 0.000 0.000 0.000 0.000 0.000 0.549
WEI.WEI3   0.000 0.000 0.000 0.000 0.000 0.000 0.000 0.000 0.000 0.000 0.000 0.000 0.000 0.000 0.617
WEI.WEI4   0.000 0.000 0.000 0.000 0.000 0.000 0.000 0.000 0.000 0.000 0.000 0.000 0.000 0.000 0.619
WEI.WEI5   0.000 0.000 0.000 0.000 0.000 0.000 0.000 0.000 0.000 0.000 0.000 0.000 0.000 0.000 0.611
WEI.WEI6   0.000 0.000 0.000 0.000 0.000 0.000 0.000 0.000 0.000 0.000 0.000 0.000 0.000 0.000 0.562
WEI.WEI7   0.000 0.000 0.000 0.000 0.000 0.000 0.000 0.000 0.000 0.000 0.000 0.000 0.000 0.000 0.614
WEI.WEI8   0.000 0.000 0.000 0.000 0.000 0.000 0.000 0.000 0.000 0.000 0.000 0.000 0.000 0.000 0.630


composite reliability
     alpha  rhoC   AVE  rhoA
IoIT 0.670 0.793 0.495 0.713
EoA  0.680 0.824 0.615 0.724
EoI  0.902 0.928 0.724 0.913
IMG  0.859 0.914 0.780 0.860
PEOU 0.872 0.904 0.611 0.875
VIS  0.801 0.883 0.715 0.804
VOI  0.849 0.909 0.768 0.853
PUA  0.913 0.931 0.657 0.913
RES  0.715 0.840 0.636 0.719
SQR  0.778 0.871 0.692 0.778
LS   0.894 0.915 0.574 0.895
PPC  0.856 0.893 0.581 0.858
PS   0.939 0.948 0.623 0.940
TKR  0.842 0.894 0.678 0.842
WEI  0.904 0.923 0.599 0.905

Alpha, rhoC, and rhoA should exceed 0.7 while AVE should exceed 0.5


HTMT (lavaan/semTools)
       IMG  PEOU   VIS   VOI   PUA   RES   SQR    SR    LS   PPC    PS   TKR   WEI
IMG  1.000                                                                        
PEOU 0.364 1.000                                                                  
VIS  0.425 0.577 1.000                                                            
VOI  0.449 0.243 0.360 1.000                                                      
PUA  0.434 0.781 0.542 0.249 1.000                                                
RES  0.767 0.895 0.640 0.428 0.779 1.000                                          
SQR  0.615 0.486 0.390 0.534 0.536 0.964 1.000                                    
SR   0.534 0.059 0.128 0.439 0.128 0.183 0.531 1.000                              
LS   0.538 0.686 0.519 0.394 0.872 1.029 0.568 0.223 1.000                        
PPC  0.523 0.741 0.541 0.402 0.848 1.002 0.563 0.204 0.839 1.000                  
PS   0.367 0.747 0.525 0.182 0.897 0.778 0.493 0.091 0.817 0.786 1.000            
TKR  0.614 0.471 0.371 0.462 0.525 0.907 0.662 0.470 0.542 0.598 0.475 1.000      
WEI  0.529 0.728 0.601 0.379 0.869 1.112 0.628 0.264 0.859 0.790 0.822 0.589 1.000
