       IMG  PEOU   VIS   SQR    SR    LS   PPC    PS   TKR   WEI
IMG  1.000                                                      
PEOU 0.350 1.000                                                
VIS  0.427 0.565 1.000                                          
SQR  0.599 0.366 0.328 1.000                                    
SR   0.520 0.052 0.126 0.542 1.000                              
LS   0.550 0.680 0.527 0.514 0.212 1.000                        
PPC  0.521 0.699 0.538 0.523 0.201 0.825 1.000                  
PS   0.378 0.747 0.533 0.416 0.093 0.818 0.779 1.000            
TKR  0.612 0.447 0.368 0.572 0.463 0.542 0.593 0.482 1.000      
WEI  0.535 0.734 0.604 0.528 0.250 0.853 0.778 0.827 0.596 1.000
