indicator loadings (>.708)
            IoIT   EoA   EoI   IMG   PEOU   VIS   SQR     SR    LS   PPC    PS   TKR   WEI
IMG        0.765 0.000 0.000 0.000  0.000 0.000 0.000  0.000 0.000 0.000 0.000 0.000 0.000
PEOU       0.773 0.000 0.000 0.000  0.000 0.000 0.000  0.000 0.000 0.000 0.000 0.000 0.000
VIS        0.759 0.000 0.000 0.000  0.000 0.000 0.000  0.000 0.000 0.000 0.000 0.000 0.000
SQR        0.000 0.929 0.000 0.000  0.000 0.000 0.000  0.000 0.000 0.000 0.000 0.000 0.000
SR         0.000 0.751 0.000 0.000  0.000 0.000 0.000  0.000 0.000 0.000 0.000 0.000 0.000
LS         0.000 0.000 0.887 0.000  0.000 0.000 0.000  0.000 0.000 0.000 0.000 0.000 0.000
PPC        0.000 0.000 0.876 0.000  0.000 0.000 0.000  0.000 0.000 0.000 0.000 0.000 0.000
PS         0.000 0.000 0.879 0.000  0.000 0.000 0.000  0.000 0.000 0.000 0.000 0.000 0.000
TKR        0.000 0.000 0.695 0.000  0.000 0.000 0.000  0.000 0.000 0.000 0.000 0.000 0.000
WEI        0.000 0.000 0.896 0.000  0.000 0.000 0.000  0.000 0.000 0.000 0.000 0.000 0.000
IMG.IMG1   0.000 0.000 0.000 0.888  0.000 0.000 0.000  0.000 0.000 0.000 0.000 0.000 0.000
IMG.IMG2   0.000 0.000 0.000 0.876  0.000 0.000 0.000  0.000 0.000 0.000 0.000 0.000 0.000
IMG.IMG3   0.000 0.000 0.000 0.885  0.000 0.000 0.000  0.000 0.000 0.000 0.000 0.000 0.000
PEOU.PEOU1 0.000 0.000 0.000 0.000  0.786 0.000 0.000  0.000 0.000 0.000 0.000 0.000 0.000
PEOU.PEOU2 0.000 0.000 0.000 0.000  0.821 0.000 0.000 -0.000 0.000 0.000 0.000 0.000 0.000
PEOU.PEOU3 0.000 0.000 0.000 0.000  0.837 0.000 0.000 -0.000 0.000 0.000 0.000 0.000 0.000
PEOU.PEOU4 0.000 0.000 0.000 0.000  0.803 0.000 0.000  0.000 0.000 0.000 0.000 0.000 0.000
PEOU.PEOU6 0.000 0.000 0.000 0.000  0.788 0.000 0.000  0.000 0.000 0.000 0.000 0.000 0.000
VIS.VIS1   0.000 0.000 0.000 0.000  0.000 0.842 0.000  0.000 0.000 0.000 0.000 0.000 0.000
VIS.VIS2   0.000 0.000 0.000 0.000  0.000 0.839 0.000  0.000 0.000 0.000 0.000 0.000 0.000
VIS.VIS3   0.000 0.000 0.000 0.000  0.000 0.855 0.000  0.000 0.000 0.000 0.000 0.000 0.000
SQR.SQR1   0.000 0.000 0.000 0.000  0.000 0.000 0.835  0.000 0.000 0.000 0.000 0.000 0.000
SQR.SQR2   0.000 0.000 0.000 0.000  0.000 0.000 0.844  0.000 0.000 0.000 0.000 0.000 0.000
SQR.SQR3   0.000 0.000 0.000 0.000  0.000 0.000 0.816  0.000 0.000 0.000 0.000 0.000 0.000
SR.SR1     0.000 0.000 0.000 0.000  0.000 0.000 0.000  0.879 0.000 0.000 0.000 0.000 0.000
SR.SR2     0.000 0.000 0.000 0.000 -0.000 0.000 0.000  0.842 0.000 0.000 0.000 0.000 0.000
SR.SR3     0.000 0.000 0.000 0.000  0.000 0.000 0.000  0.892 0.000 0.000 0.000 0.000 0.000
SR.SR4     0.000 0.000 0.000 0.000  0.000 0.000 0.000  0.884 0.000 0.000 0.000 0.000 0.000
LS.LS1     0.000 0.000 0.000 0.000  0.000 0.000 0.000  0.000 0.725 0.000 0.000 0.000 0.000
LS.LS2     0.000 0.000 0.000 0.000  0.000 0.000 0.000  0.000 0.703 0.000 0.000 0.000 0.000
LS.LS3     0.000 0.000 0.000 0.000  0.000 0.000 0.000  0.000 0.751 0.000 0.000 0.000 0.000
LS.LS4     0.000 0.000 0.000 0.000  0.000 0.000 0.000  0.000 0.785 0.000 0.000 0.000 0.000
LS.LS5     0.000 0.000 0.000 0.000  0.000 0.000 0.000  0.000 0.779 0.000 0.000 0.000 0.000
LS.LS6     0.000 0.000 0.000 0.000  0.000 0.000 0.000  0.000 0.791 0.000 0.000 0.000 0.000
LS.LS7     0.000 0.000 0.000 0.000  0.000 0.000 0.000  0.000 0.719 0.000 0.000 0.000 0.000
LS.LS8     0.000 0.000 0.000 0.000  0.000 0.000 0.000  0.000 0.802 0.000 0.000 0.000 0.000
PPC.PPC1   0.000 0.000 0.000 0.000  0.000 0.000 0.000  0.000 0.000 0.773 0.000 0.000 0.000
PPC.PPC2   0.000 0.000 0.000 0.000  0.000 0.000 0.000  0.000 0.000 0.727 0.000 0.000 0.000
PPC.PPC3   0.000 0.000 0.000 0.000  0.000 0.000 0.000  0.000 0.000 0.754 0.000 0.000 0.000
PPC.PPC4   0.000 0.000 0.000 0.000  0.000 0.000 0.000  0.000 0.000 0.788 0.000 0.000 0.000
PPC.PPC5   0.000 0.000 0.000 0.000  0.000 0.000 0.000  0.000 0.000 0.747 0.000 0.000 0.000
PPC.PPC6   0.000 0.000 0.000 0.000  0.000 0.000 0.000  0.000 0.000 0.782 0.000 0.000 0.000
PS.PS1     0.000 0.000 0.000 0.000  0.000 0.000 0.000  0.000 0.000 0.000 0.812 0.000 0.000
PS.PS2     0.000 0.000 0.000 0.000  0.000 0.000 0.000  0.000 0.000 0.000 0.808 0.000 0.000
PS.PS3     0.000 0.000 0.000 0.000  0.000 0.000 0.000  0.000 0.000 0.000 0.810 0.000 0.000
PS.PS4     0.000 0.000 0.000 0.000  0.000 0.000 0.000  0.000 0.000 0.000 0.774 0.000 0.000
PS.PS5     0.000 0.000 0.000 0.000  0.000 0.000 0.000  0.000 0.000 0.000 0.791 0.000 0.000
PS.PS6     0.000 0.000 0.000 0.000  0.000 0.000 0.000  0.000 0.000 0.000 0.777 0.000 0.000
PS.PS7     0.000 0.000 0.000 0.000  0.000 0.000 0.000  0.000 0.000 0.000 0.801 0.000 0.000
PS.PS8     0.000 0.000 0.000 0.000  0.000 0.000 0.000  0.000 0.000 0.000 0.777 0.000 0.000
PS.PS9     0.000 0.000 0.000 0.000  0.000 0.000 0.000  0.000 0.000 0.000 0.810 0.000 0.000
PS.PS10    0.000 0.000 0.000 0.000  0.000 0.000 0.000  0.000 0.000 0.000 0.738 0.000 0.000
PS.PS11    0.000 0.000 0.000 0.000  0.000 0.000 0.000  0.000 0.000 0.000 0.783 0.000 0.000
TKR.TKR1   0.000 0.000 0.000 0.000  0.000 0.000 0.000  0.000 0.000 0.000 0.000 0.831 0.000
TKR.TKR2   0.000 0.000 0.000 0.000  0.000 0.000 0.000  0.000 0.000 0.000 0.000 0.831 0.000
TKR.TKR3   0.000 0.000 0.000 0.000  0.000 0.000 0.000  0.000 0.000 0.000 0.000 0.805 0.000
TKR.TKR4   0.000 0.000 0.000 0.000  0.000 0.000 0.000  0.000 0.000 0.000 0.000 0.826 0.000
WEI.WEI1   0.000 0.000 0.000 0.000  0.000 0.000 0.000  0.000 0.000 0.000 0.000 0.000 0.764
WEI.WEI2   0.000 0.000 0.000 0.000  0.000 0.000 0.000  0.000 0.000 0.000 0.000 0.000 0.738
WEI.WEI3   0.000 0.000 0.000 0.000  0.000 0.000 0.000  0.000 0.000 0.000 0.000 0.000 0.784
WEI.WEI4   0.000 0.000 0.000 0.000  0.000 0.000 0.000  0.000 0.000 0.000 0.000 0.000 0.781
WEI.WEI5   0.000 0.000 0.000 0.000  0.000 0.000 0.000  0.000 0.000 0.000 0.000 0.000 0.785
WEI.WEI6   0.000 0.000 0.000 0.000  0.000 0.000 0.000  0.000 0.000 0.000 0.000 0.000 0.755
WEI.WEI7   0.000 0.000 0.000 0.000  0.000 0.000 0.000  0.000 0.000 0.000 0.000 0.000 0.790
WEI.WEI8   0.000 0.000 0.000 0.000  0.000 0.000 0.000  0.000 0.000 0.000 0.000 0.000 0.794


indicator reliability (>.500)
            IoIT   EoA   EoI   IMG  PEOU   VIS   SQR    SR    LS   PPC    PS   TKR   WEI
IMG        0.585 0.000 0.000 0.000 0.000 0.000 0.000 0.000 0.000 0.000 0.000 0.000 0.000
PEOU       0.597 0.000 0.000 0.000 0.000 0.000 0.000 0.000 0.000 0.000 0.000 0.000 0.000
VIS        0.575 0.000 0.000 0.000 0.000 0.000 0.000 0.000 0.000 0.000 0.000 0.000 0.000
SQR        0.000 0.862 0.000 0.000 0.000 0.000 0.000 0.000 0.000 0.000 0.000 0.000 0.000
SR         0.000 0.564 0.000 0.000 0.000 0.000 0.000 0.000 0.000 0.000 0.000 0.000 0.000
LS         0.000 0.000 0.787 0.000 0.000 0.000 0.000 0.000 0.000 0.000 0.000 0.000 0.000
PPC        0.000 0.000 0.768 0.000 0.000 0.000 0.000 0.000 0.000 0.000 0.000 0.000 0.000
PS         0.000 0.000 0.772 0.000 0.000 0.000 0.000 0.000 0.000 0.000 0.000 0.000 0.000
TKR        0.000 0.000 0.484 0.000 0.000 0.000 0.000 0.000 0.000 0.000 0.000 0.000 0.000
WEI        0.000 0.000 0.803 0.000 0.000 0.000 0.000 0.000 0.000 0.000 0.000 0.000 0.000
IMG.IMG1   0.000 0.000 0.000 0.788 0.000 0.000 0.000 0.000 0.000 0.000 0.000 0.000 0.000
IMG.IMG2   0.000 0.000 0.000 0.768 0.000 0.000 0.000 0.000 0.000 0.000 0.000 0.000 0.000
IMG.IMG3   0.000 0.000 0.000 0.783 0.000 0.000 0.000 0.000 0.000 0.000 0.000 0.000 0.000
PEOU.PEOU1 0.000 0.000 0.000 0.000 0.618 0.000 0.000 0.000 0.000 0.000 0.000 0.000 0.000
PEOU.PEOU2 0.000 0.000 0.000 0.000 0.674 0.000 0.000 0.000 0.000 0.000 0.000 0.000 0.000
PEOU.PEOU3 0.000 0.000 0.000 0.000 0.701 0.000 0.000 0.000 0.000 0.000 0.000 0.000 0.000
PEOU.PEOU4 0.000 0.000 0.000 0.000 0.645 0.000 0.000 0.000 0.000 0.000 0.000 0.000 0.000
PEOU.PEOU6 0.000 0.000 0.000 0.000 0.621 0.000 0.000 0.000 0.000 0.000 0.000 0.000 0.000
VIS.VIS1   0.000 0.000 0.000 0.000 0.000 0.709 0.000 0.000 0.000 0.000 0.000 0.000 0.000
VIS.VIS2   0.000 0.000 0.000 0.000 0.000 0.703 0.000 0.000 0.000 0.000 0.000 0.000 0.000
VIS.VIS3   0.000 0.000 0.000 0.000 0.000 0.731 0.000 0.000 0.000 0.000 0.000 0.000 0.000
SQR.SQR1   0.000 0.000 0.000 0.000 0.000 0.000 0.697 0.000 0.000 0.000 0.000 0.000 0.000
SQR.SQR2   0.000 0.000 0.000 0.000 0.000 0.000 0.713 0.000 0.000 0.000 0.000 0.000 0.000
SQR.SQR3   0.000 0.000 0.000 0.000 0.000 0.000 0.666 0.000 0.000 0.000 0.000 0.000 0.000
SR.SR1     0.000 0.000 0.000 0.000 0.000 0.000 0.000 0.772 0.000 0.000 0.000 0.000 0.000
SR.SR2     0.000 0.000 0.000 0.000 0.000 0.000 0.000 0.709 0.000 0.000 0.000 0.000 0.000
SR.SR3     0.000 0.000 0.000 0.000 0.000 0.000 0.000 0.795 0.000 0.000 0.000 0.000 0.000
SR.SR4     0.000 0.000 0.000 0.000 0.000 0.000 0.000 0.781 0.000 0.000 0.000 0.000 0.000
LS.LS1     0.000 0.000 0.000 0.000 0.000 0.000 0.000 0.000 0.525 0.000 0.000 0.000 0.000
LS.LS2     0.000 0.000 0.000 0.000 0.000 0.000 0.000 0.000 0.494 0.000 0.000 0.000 0.000
LS.LS3     0.000 0.000 0.000 0.000 0.000 0.000 0.000 0.000 0.565 0.000 0.000 0.000 0.000
LS.LS4     0.000 0.000 0.000 0.000 0.000 0.000 0.000 0.000 0.617 0.000 0.000 0.000 0.000
LS.LS5     0.000 0.000 0.000 0.000 0.000 0.000 0.000 0.000 0.607 0.000 0.000 0.000 0.000
LS.LS6     0.000 0.000 0.000 0.000 0.000 0.000 0.000 0.000 0.625 0.000 0.000 0.000 0.000
LS.LS7     0.000 0.000 0.000 0.000 0.000 0.000 0.000 0.000 0.517 0.000 0.000 0.000 0.000
LS.LS8     0.000 0.000 0.000 0.000 0.000 0.000 0.000 0.000 0.643 0.000 0.000 0.000 0.000
PPC.PPC1   0.000 0.000 0.000 0.000 0.000 0.000 0.000 0.000 0.000 0.597 0.000 0.000 0.000
PPC.PPC2   0.000 0.000 0.000 0.000 0.000 0.000 0.000 0.000 0.000 0.529 0.000 0.000 0.000
PPC.PPC3   0.000 0.000 0.000 0.000 0.000 0.000 0.000 0.000 0.000 0.568 0.000 0.000 0.000
PPC.PPC4   0.000 0.000 0.000 0.000 0.000 0.000 0.000 0.000 0.000 0.621 0.000 0.000 0.000
PPC.PPC5   0.000 0.000 0.000 0.000 0.000 0.000 0.000 0.000 0.000 0.558 0.000 0.000 0.000
PPC.PPC6   0.000 0.000 0.000 0.000 0.000 0.000 0.000 0.000 0.000 0.612 0.000 0.000 0.000
PS.PS1     0.000 0.000 0.000 0.000 0.000 0.000 0.000 0.000 0.000 0.000 0.660 0.000 0.000
PS.PS2     0.000 0.000 0.000 0.000 0.000 0.000 0.000 0.000 0.000 0.000 0.653 0.000 0.000
PS.PS3     0.000 0.000 0.000 0.000 0.000 0.000 0.000 0.000 0.000 0.000 0.656 0.000 0.000
PS.PS4     0.000 0.000 0.000 0.000 0.000 0.000 0.000 0.000 0.000 0.000 0.599 0.000 0.000
PS.PS5     0.000 0.000 0.000 0.000 0.000 0.000 0.000 0.000 0.000 0.000 0.626 0.000 0.000
PS.PS6     0.000 0.000 0.000 0.000 0.000 0.000 0.000 0.000 0.000 0.000 0.603 0.000 0.000
PS.PS7     0.000 0.000 0.000 0.000 0.000 0.000 0.000 0.000 0.000 0.000 0.641 0.000 0.000
PS.PS8     0.000 0.000 0.000 0.000 0.000 0.000 0.000 0.000 0.000 0.000 0.603 0.000 0.000
PS.PS9     0.000 0.000 0.000 0.000 0.000 0.000 0.000 0.000 0.000 0.000 0.657 0.000 0.000
PS.PS10    0.000 0.000 0.000 0.000 0.000 0.000 0.000 0.000 0.000 0.000 0.545 0.000 0.000
PS.PS11    0.000 0.000 0.000 0.000 0.000 0.000 0.000 0.000 0.000 0.000 0.613 0.000 0.000
TKR.TKR1   0.000 0.000 0.000 0.000 0.000 0.000 0.000 0.000 0.000 0.000 0.000 0.691 0.000
TKR.TKR2   0.000 0.000 0.000 0.000 0.000 0.000 0.000 0.000 0.000 0.000 0.000 0.691 0.000
TKR.TKR3   0.000 0.000 0.000 0.000 0.000 0.000 0.000 0.000 0.000 0.000 0.000 0.649 0.000
TKR.TKR4   0.000 0.000 0.000 0.000 0.000 0.000 0.000 0.000 0.000 0.000 0.000 0.682 0.000
WEI.WEI1   0.000 0.000 0.000 0.000 0.000 0.000 0.000 0.000 0.000 0.000 0.000 0.000 0.583
WEI.WEI2   0.000 0.000 0.000 0.000 0.000 0.000 0.000 0.000 0.000 0.000 0.000 0.000 0.545
WEI.WEI3   0.000 0.000 0.000 0.000 0.000 0.000 0.000 0.000 0.000 0.000 0.000 0.000 0.615
WEI.WEI4   0.000 0.000 0.000 0.000 0.000 0.000 0.000 0.000 0.000 0.000 0.000 0.000 0.610
WEI.WEI5   0.000 0.000 0.000 0.000 0.000 0.000 0.000 0.000 0.000 0.000 0.000 0.000 0.617
WEI.WEI6   0.000 0.000 0.000 0.000 0.000 0.000 0.000 0.000 0.000 0.000 0.000 0.000 0.570
WEI.WEI7   0.000 0.000 0.000 0.000 0.000 0.000 0.000 0.000 0.000 0.000 0.000 0.000 0.624
WEI.WEI8   0.000 0.000 0.000 0.000 0.000 0.000 0.000 0.000 0.000 0.000 0.000 0.000 0.631


composite reliability
     alpha  rhoC   AVE  rhoA
IoIT 0.650 0.809 0.586 0.652
EoA  0.623 0.831 0.713 0.764
EoI  0.902 0.928 0.723 0.907
IMG  0.859 0.914 0.780 0.859
PEOU 0.866 0.903 0.651 0.866
VIS  0.801 0.883 0.715 0.804
SQR  0.778 0.871 0.692 0.778
SR   0.897 0.928 0.764 0.902
LS   0.894 0.915 0.574 0.895
PPC  0.856 0.893 0.581 0.857
PS   0.939 0.948 0.623 0.940
TKR  0.842 0.894 0.678 0.842
WEI  0.904 0.923 0.599 0.905

Alpha, rhoC, and rhoA should exceed 0.7 while AVE should exceed 0.5


HTMT (lavaan/semTools)
       IMG  PEOU   VIS   SQR    SR    LS   PPC    PS   TKR   WEI
IMG  1.000                                                      
PEOU 0.350 1.000                                                
VIS  0.427 0.565 1.000                                          
SQR  0.599 0.366 0.328 1.000                                    
SR   0.520 0.052 0.126 0.542 1.000                              
LS   0.550 0.680 0.527 0.514 0.212 1.000                        
PPC  0.521 0.699 0.538 0.523 0.201 0.825 1.000                  
PS   0.378 0.747 0.533 0.416 0.093 0.818 0.779 1.000            
TKR  0.612 0.447 0.368 0.572 0.463 0.542 0.593 0.482 1.000      
WEI  0.535 0.734 0.604 0.528 0.250 0.853 0.778 0.827 0.596 1.000
