outer loadings
                IoIT       EoA       EoI       IMG      PEOU       VIS       VOI       PUA       RES       SQR        LS       PPC        PS       PUI       TKR
IMG        0.7158916 0.0000000 0.0000000 0.0000000 0.0000000 0.0000000 0.0000000 0.0000000 0.0000000 0.0000000 0.0000000 0.0000000 0.0000000 0.0000000 0.0000000
PEOU       0.8124518 0.0000000 0.0000000 0.0000000 0.0000000 0.0000000 0.0000000 0.0000000 0.0000000 0.0000000 0.0000000 0.0000000 0.0000000 0.0000000 0.0000000
VIS        0.7579251 0.0000000 0.0000000 0.0000000 0.0000000 0.0000000 0.0000000 0.0000000 0.0000000 0.0000000 0.0000000 0.0000000 0.0000000 0.0000000 0.0000000
VOI        0.4991905 0.0000000 0.0000000 0.0000000 0.0000000 0.0000000 0.0000000 0.0000000 0.0000000 0.0000000 0.0000000 0.0000000 0.0000000 0.0000000 0.0000000
PUA        0.0000000 0.8838068 0.0000000 0.0000000 0.0000000 0.0000000 0.0000000 0.0000000 0.0000000 0.0000000 0.0000000 0.0000000 0.0000000 0.0000000 0.0000000
RES        0.0000000 0.8171241 0.0000000 0.0000000 0.0000000 0.0000000 0.0000000 0.0000000 0.0000000 0.0000000 0.0000000 0.0000000 0.0000000 0.0000000 0.0000000
SQR        0.0000000 0.6372871 0.0000000 0.0000000 0.0000000 0.0000000 0.0000000 0.0000000 0.0000000 0.0000000 0.0000000 0.0000000 0.0000000 0.0000000 0.0000000
LS         0.0000000 0.0000000 0.8956899 0.0000000 0.0000000 0.0000000 0.0000000 0.0000000 0.0000000 0.0000000 0.0000000 0.0000000 0.0000000 0.0000000 0.0000000
PPC        0.0000000 0.0000000 0.8707285 0.0000000 0.0000000 0.0000000 0.0000000 0.0000000 0.0000000 0.0000000 0.0000000 0.0000000 0.0000000 0.0000000 0.0000000
PS         0.0000000 0.0000000 0.8942419 0.0000000 0.0000000 0.0000000 0.0000000 0.0000000 0.0000000 0.0000000 0.0000000 0.0000000 0.0000000 0.0000000 0.0000000
PUI        0.0000000 0.0000000 0.9046628 0.0000000 0.0000000 0.0000000 0.0000000 0.0000000 0.0000000 0.0000000 0.0000000 0.0000000 0.0000000 0.0000000 0.0000000
TKR        0.0000000 0.0000000 0.6353504 0.0000000 0.0000000 0.0000000 0.0000000 0.0000000 0.0000000 0.0000000 0.0000000 0.0000000 0.0000000 0.0000000 0.0000000
WEI        0.0000000 0.0000000 0.8967881 0.0000000 0.0000000 0.0000000 0.0000000 0.0000000 0.0000000 0.0000000 0.0000000 0.0000000 0.0000000 0.0000000 0.0000000
IMG.IMG1   0.0000000 0.0000000 0.0000000 0.8945431 0.0000000 0.0000000 0.0000000 0.0000000 0.0000000 0.0000000 0.0000000 0.0000000 0.0000000 0.0000000 0.0000000
IMG.IMG2   0.0000000 0.0000000 0.0000000 0.9003281 0.0000000 0.0000000 0.0000000 0.0000000 0.0000000 0.0000000 0.0000000 0.0000000 0.0000000 0.0000000 0.0000000
IMG.IMG3   0.0000000 0.0000000 0.0000000 0.8891468 0.0000000 0.0000000 0.0000000 0.0000000 0.0000000 0.0000000 0.0000000 0.0000000 0.0000000 0.0000000 0.0000000
PEOU.PEOU1 0.0000000 0.0000000 0.0000000 0.0000000 0.7798768 0.0000000 0.0000000 0.0000000 0.0000000 0.0000000 0.0000000 0.0000000 0.0000000 0.0000000 0.0000000
PEOU.PEOU2 0.0000000 0.0000000 0.0000000 0.0000000 0.8006606 0.0000000 0.0000000 0.0000000 0.0000000 0.0000000 0.0000000 0.0000000 0.0000000 0.0000000 0.0000000
PEOU.PEOU3 0.0000000 0.0000000 0.0000000 0.0000000 0.8312736 0.0000000 0.0000000 0.0000000 0.0000000 0.0000000 0.0000000 0.0000000 0.0000000 0.0000000 0.0000000
PEOU.PEOU4 0.0000000 0.0000000 0.0000000 0.0000000 0.8215970 0.0000000 0.0000000 0.0000000 0.0000000 0.0000000 0.0000000 0.0000000 0.0000000 0.0000000 0.0000000
PEOU.PEOU5 0.0000000 0.0000000 0.0000000 0.0000000 0.7061688 0.0000000 0.0000000 0.0000000 0.0000000 0.0000000 0.0000000 0.0000000 0.0000000 0.0000000 0.0000000
PEOU.PEOU6 0.0000000 0.0000000 0.0000000 0.0000000 0.7977527 0.0000000 0.0000000 0.0000000 0.0000000 0.0000000 0.0000000 0.0000000 0.0000000 0.0000000 0.0000000
VIS.VIS1   0.0000000 0.0000000 0.0000000 0.0000000 0.0000000 0.8479007 0.0000000 0.0000000 0.0000000 0.0000000 0.0000000 0.0000000 0.0000000 0.0000000 0.0000000
VIS.VIS2   0.0000000 0.0000000 0.0000000 0.0000000 0.0000000 0.8522163 0.0000000 0.0000000 0.0000000 0.0000000 0.0000000 0.0000000 0.0000000 0.0000000 0.0000000
VIS.VIS3   0.0000000 0.0000000 0.0000000 0.0000000 0.0000000 0.8642702 0.0000000 0.0000000 0.0000000 0.0000000 0.0000000 0.0000000 0.0000000 0.0000000 0.0000000
VOI.VOI1   0.0000000 0.0000000 0.0000000 0.0000000 0.0000000 0.0000000 0.8981441 0.0000000 0.0000000 0.0000000 0.0000000 0.0000000 0.0000000 0.0000000 0.0000000
VOI.VOI2   0.0000000 0.0000000 0.0000000 0.0000000 0.0000000 0.0000000 0.9072550 0.0000000 0.0000000 0.0000000 0.0000000 0.0000000 0.0000000 0.0000000 0.0000000
VOI.VOI3   0.0000000 0.0000000 0.0000000 0.0000000 0.0000000 0.0000000 0.8551650 0.0000000 0.0000000 0.0000000 0.0000000 0.0000000 0.0000000 0.0000000 0.0000000
PUA.PUA1   0.0000000 0.0000000 0.0000000 0.0000000 0.0000000 0.0000000 0.0000000 0.8447204 0.0000000 0.0000000 0.0000000 0.0000000 0.0000000 0.0000000 0.0000000
PUA.PUA2   0.0000000 0.0000000 0.0000000 0.0000000 0.0000000 0.0000000 0.0000000 0.8186840 0.0000000 0.0000000 0.0000000 0.0000000 0.0000000 0.0000000 0.0000000
PUA.PUA3   0.0000000 0.0000000 0.0000000 0.0000000 0.0000000 0.0000000 0.0000000 0.8135363 0.0000000 0.0000000 0.0000000 0.0000000 0.0000000 0.0000000 0.0000000
PUA.PUA4   0.0000000 0.0000000 0.0000000 0.0000000 0.0000000 0.0000000 0.0000000 0.8117454 0.0000000 0.0000000 0.0000000 0.0000000 0.0000000 0.0000000 0.0000000
PUA.PUA5   0.0000000 0.0000000 0.0000000 0.0000000 0.0000000 0.0000000 0.0000000 0.8095671 0.0000000 0.0000000 0.0000000 0.0000000 0.0000000 0.0000000 0.0000000
PUA.PUA7   0.0000000 0.0000000 0.0000000 0.0000000 0.0000000 0.0000000 0.0000000 0.7875530 0.0000000 0.0000000 0.0000000 0.0000000 0.0000000 0.0000000 0.0000000
PUA.PUA8   0.0000000 0.0000000 0.0000000 0.0000000 0.0000000 0.0000000 0.0000000 0.8401499 0.0000000 0.0000000 0.0000000 0.0000000 0.0000000 0.0000000 0.0000000
RES.RES1   0.0000000 0.0000000 0.0000000 0.0000000 0.0000000 0.0000000 0.0000000 0.0000000 0.7334141 0.0000000 0.0000000 0.0000000 0.0000000 0.0000000 0.0000000
RES.RES2   0.0000000 0.0000000 0.0000000 0.0000000 0.0000000 0.0000000 0.0000000 0.0000000 0.7942102 0.0000000 0.0000000 0.0000000 0.0000000 0.0000000 0.0000000
RES.RES3   0.0000000 0.0000000 0.0000000 0.0000000 0.0000000 0.0000000 0.0000000 0.0000000 0.8214943 0.0000000 0.0000000 0.0000000 0.0000000 0.0000000 0.0000000
SQR.SQR1   0.0000000 0.0000000 0.0000000 0.0000000 0.0000000 0.0000000 0.0000000 0.0000000 0.0000000 0.8516821 0.0000000 0.0000000 0.0000000 0.0000000 0.0000000
SQR.SQR2   0.0000000 0.0000000 0.0000000 0.0000000 0.0000000 0.0000000 0.0000000 0.0000000 0.0000000 0.8615592 0.0000000 0.0000000 0.0000000 0.0000000 0.0000000
SQR.SQR3   0.0000000 0.0000000 0.0000000 0.0000000 0.0000000 0.0000000 0.0000000 0.0000000 0.0000000 0.8109607 0.0000000 0.0000000 0.0000000 0.0000000 0.0000000
LS.LS1     0.0000000 0.0000000 0.0000000 0.0000000 0.0000000 0.0000000 0.0000000 0.0000000 0.0000000 0.0000000 0.7374421 0.0000000 0.0000000 0.0000000 0.0000000
LS.LS2     0.0000000 0.0000000 0.0000000 0.0000000 0.0000000 0.0000000 0.0000000 0.0000000 0.0000000 0.0000000 0.7141007 0.0000000 0.0000000 0.0000000 0.0000000
LS.LS3     0.0000000 0.0000000 0.0000000 0.0000000 0.0000000 0.0000000 0.0000000 0.0000000 0.0000000 0.0000000 0.7459232 0.0000000 0.0000000 0.0000000 0.0000000
LS.LS4     0.0000000 0.0000000 0.0000000 0.0000000 0.0000000 0.0000000 0.0000000 0.0000000 0.0000000 0.0000000 0.7931043 0.0000000 0.0000000 0.0000000 0.0000000
LS.LS5     0.0000000 0.0000000 0.0000000 0.0000000 0.0000000 0.0000000 0.0000000 0.0000000 0.0000000 0.0000000 0.7810360 0.0000000 0.0000000 0.0000000 0.0000000
LS.LS6     0.0000000 0.0000000 0.0000000 0.0000000 0.0000000 0.0000000 0.0000000 0.0000000 0.0000000 0.0000000 0.7974630 0.0000000 0.0000000 0.0000000 0.0000000
LS.LS7     0.0000000 0.0000000 0.0000000 0.0000000 0.0000000 0.0000000 0.0000000 0.0000000 0.0000000 0.0000000 0.7434529 0.0000000 0.0000000 0.0000000 0.0000000
LS.LS8     0.0000000 0.0000000 0.0000000 0.0000000 0.0000000 0.0000000 0.0000000 0.0000000 0.0000000 0.0000000 0.8058086 0.0000000 0.0000000 0.0000000 0.0000000
PPC.PPC1   0.0000000 0.0000000 0.0000000 0.0000000 0.0000000 0.0000000 0.0000000 0.0000000 0.0000000 0.0000000 0.0000000 0.8115668 0.0000000 0.0000000 0.0000000
PPC.PPC2   0.0000000 0.0000000 0.0000000 0.0000000 0.0000000 0.0000000 0.0000000 0.0000000 0.0000000 0.0000000 0.0000000 0.7168414 0.0000000 0.0000000 0.0000000
PPC.PPC3   0.0000000 0.0000000 0.0000000 0.0000000 0.0000000 0.0000000 0.0000000 0.0000000 0.0000000 0.0000000 0.0000000 0.7586892 0.0000000 0.0000000 0.0000000
PPC.PPC4   0.0000000 0.0000000 0.0000000 0.0000000 0.0000000 0.0000000 0.0000000 0.0000000 0.0000000 0.0000000 0.0000000 0.8162743 0.0000000 0.0000000 0.0000000
PPC.PPC5   0.0000000 0.0000000 0.0000000 0.0000000 0.0000000 0.0000000 0.0000000 0.0000000 0.0000000 0.0000000 0.0000000 0.7422878 0.0000000 0.0000000 0.0000000
PPC.PPC6   0.0000000 0.0000000 0.0000000 0.0000000 0.0000000 0.0000000 0.0000000 0.0000000 0.0000000 0.0000000 0.0000000 0.8082584 0.0000000 0.0000000 0.0000000
PS.PS1     0.0000000 0.0000000 0.0000000 0.0000000 0.0000000 0.0000000 0.0000000 0.0000000 0.0000000 0.0000000 0.0000000 0.0000000 0.8292031 0.0000000 0.0000000
PS.PS2     0.0000000 0.0000000 0.0000000 0.0000000 0.0000000 0.0000000 0.0000000 0.0000000 0.0000000 0.0000000 0.0000000 0.0000000 0.8206628 0.0000000 0.0000000
PS.PS3     0.0000000 0.0000000 0.0000000 0.0000000 0.0000000 0.0000000 0.0000000 0.0000000 0.0000000 0.0000000 0.0000000 0.0000000 0.8345332 0.0000000 0.0000000
PS.PS4     0.0000000 0.0000000 0.0000000 0.0000000 0.0000000 0.0000000 0.0000000 0.0000000 0.0000000 0.0000000 0.0000000 0.0000000 0.7834635 0.0000000 0.0000000
PS.PS5     0.0000000 0.0000000 0.0000000 0.0000000 0.0000000 0.0000000 0.0000000 0.0000000 0.0000000 0.0000000 0.0000000 0.0000000 0.7839850 0.0000000 0.0000000
PS.PS6     0.0000000 0.0000000 0.0000000 0.0000000 0.0000000 0.0000000 0.0000000 0.0000000 0.0000000 0.0000000 0.0000000 0.0000000 0.7860607 0.0000000 0.0000000
PS.PS7     0.0000000 0.0000000 0.0000000 0.0000000 0.0000000 0.0000000 0.0000000 0.0000000 0.0000000 0.0000000 0.0000000 0.0000000 0.8129539 0.0000000 0.0000000
PS.PS8     0.0000000 0.0000000 0.0000000 0.0000000 0.0000000 0.0000000 0.0000000 0.0000000 0.0000000 0.0000000 0.0000000 0.0000000 0.7796461 0.0000000 0.0000000
PS.PS9     0.0000000 0.0000000 0.0000000 0.0000000 0.0000000 0.0000000 0.0000000 0.0000000 0.0000000 0.0000000 0.0000000 0.0000000 0.8115903 0.0000000 0.0000000
PS.PS10    0.0000000 0.0000000 0.0000000 0.0000000 0.0000000 0.0000000 0.0000000 0.0000000 0.0000000 0.0000000 0.0000000 0.0000000 0.7620791 0.0000000 0.0000000
PS.PS11    0.0000000 0.0000000 0.0000000 0.0000000 0.0000000 0.0000000 0.0000000 0.0000000 0.0000000 0.0000000 0.0000000 0.0000000 0.7853050 0.0000000 0.0000000
PUI.PUI1   0.0000000 0.0000000 0.0000000 0.0000000 0.0000000 0.0000000 0.0000000 0.0000000 0.0000000 0.0000000 0.0000000 0.0000000 0.0000000 0.8424038 0.0000000
PUI.PUI2   0.0000000 0.0000000 0.0000000 0.0000000 0.0000000 0.0000000 0.0000000 0.0000000 0.0000000 0.0000000 0.0000000 0.0000000 0.0000000 0.8295433 0.0000000
PUI.PUI3   0.0000000 0.0000000 0.0000000 0.0000000 0.0000000 0.0000000 0.0000000 0.0000000 0.0000000 0.0000000 0.0000000 0.0000000 0.0000000 0.8396169 0.0000000
PUI.PUI4   0.0000000 0.0000000 0.0000000 0.0000000 0.0000000 0.0000000 0.0000000 0.0000000 0.0000000 0.0000000 0.0000000 0.0000000 0.0000000 0.7955320 0.0000000
PUI.PUI5   0.0000000 0.0000000 0.0000000 0.0000000 0.0000000 0.0000000 0.0000000 0.0000000 0.0000000 0.0000000 0.0000000 0.0000000 0.0000000 0.8379062 0.0000000
PUI.PUI7   0.0000000 0.0000000 0.0000000 0.0000000 0.0000000 0.0000000 0.0000000 0.0000000 0.0000000 0.0000000 0.0000000 0.0000000 0.0000000 0.8311111 0.0000000
PUI.PUI8   0.0000000 0.0000000 0.0000000 0.0000000 0.0000000 0.0000000 0.0000000 0.0000000 0.0000000 0.0000000 0.0000000 0.0000000 0.0000000 0.8140907 0.0000000
TKR.TKR1   0.0000000 0.0000000 0.0000000 0.0000000 0.0000000 0.0000000 0.0000000 0.0000000 0.0000000 0.0000000 0.0000000 0.0000000 0.0000000 0.0000000 0.8430791
TKR.TKR2   0.0000000 0.0000000 0.0000000 0.0000000 0.0000000 0.0000000 0.0000000 0.0000000 0.0000000 0.0000000 0.0000000 0.0000000 0.0000000 0.0000000 0.8527831
TKR.TKR3   0.0000000 0.0000000 0.0000000 0.0000000 0.0000000 0.0000000 0.0000000 0.0000000 0.0000000 0.0000000 0.0000000 0.0000000 0.0000000 0.0000000 0.8235930
TKR.TKR4   0.0000000 0.0000000 0.0000000 0.0000000 0.0000000 0.0000000 0.0000000 0.0000000 0.0000000 0.0000000 0.0000000 0.0000000 0.0000000 0.0000000 0.8268778
WEI.WEI1   0.0000000 0.0000000 0.0000000 0.0000000 0.0000000 0.0000000 0.0000000 0.0000000 0.0000000 0.0000000 0.0000000 0.0000000 0.0000000 0.0000000 0.0000000
WEI.WEI2   0.0000000 0.0000000 0.0000000 0.0000000 0.0000000 0.0000000 0.0000000 0.0000000 0.0000000 0.0000000 0.0000000 0.0000000 0.0000000 0.0000000 0.0000000
WEI.WEI3   0.0000000 0.0000000 0.0000000 0.0000000 0.0000000 0.0000000 0.0000000 0.0000000 0.0000000 0.0000000 0.0000000 0.0000000 0.0000000 0.0000000 0.0000000
WEI.WEI4   0.0000000 0.0000000 0.0000000 0.0000000 0.0000000 0.0000000 0.0000000 0.0000000 0.0000000 0.0000000 0.0000000 0.0000000 0.0000000 0.0000000 0.0000000
WEI.WEI5   0.0000000 0.0000000 0.0000000 0.0000000 0.0000000 0.0000000 0.0000000 0.0000000 0.0000000 0.0000000 0.0000000 0.0000000 0.0000000 0.0000000 0.0000000
WEI.WEI6   0.0000000 0.0000000 0.0000000 0.0000000 0.0000000 0.0000000 0.0000000 0.0000000 0.0000000 0.0000000 0.0000000 0.0000000 0.0000000 0.0000000 0.0000000
WEI.WEI7   0.0000000 0.0000000 0.0000000 0.0000000 0.0000000 0.0000000 0.0000000 0.0000000 0.0000000 0.0000000 0.0000000 0.0000000 0.0000000 0.0000000 0.0000000
WEI.WEI8   0.0000000 0.0000000 0.0000000 0.0000000 0.0000000 0.0000000 0.0000000 0.0000000 0.0000000 0.0000000 0.0000000 0.0000000 0.0000000 0.0000000 0.0000000
                 WEI
IMG        0.0000000
PEOU       0.0000000
VIS        0.0000000
VOI        0.0000000
PUA        0.0000000
RES        0.0000000
SQR        0.0000000
LS         0.0000000
PPC        0.0000000
PS         0.0000000
PUI        0.0000000
TKR        0.0000000
WEI        0.0000000
IMG.IMG1   0.0000000
IMG.IMG2   0.0000000
IMG.IMG3   0.0000000
PEOU.PEOU1 0.0000000
PEOU.PEOU2 0.0000000
PEOU.PEOU3 0.0000000
PEOU.PEOU4 0.0000000
PEOU.PEOU5 0.0000000
PEOU.PEOU6 0.0000000
VIS.VIS1   0.0000000
VIS.VIS2   0.0000000
VIS.VIS3   0.0000000
VOI.VOI1   0.0000000
VOI.VOI2   0.0000000
VOI.VOI3   0.0000000
PUA.PUA1   0.0000000
PUA.PUA2   0.0000000
PUA.PUA3   0.0000000
PUA.PUA4   0.0000000
PUA.PUA5   0.0000000
PUA.PUA7   0.0000000
PUA.PUA8   0.0000000
RES.RES1   0.0000000
RES.RES2   0.0000000
RES.RES3   0.0000000
SQR.SQR1   0.0000000
SQR.SQR2   0.0000000
SQR.SQR3   0.0000000
LS.LS1     0.0000000
LS.LS2     0.0000000
LS.LS3     0.0000000
LS.LS4     0.0000000
LS.LS5     0.0000000
LS.LS6     0.0000000
LS.LS7     0.0000000
LS.LS8     0.0000000
PPC.PPC1   0.0000000
PPC.PPC2   0.0000000
PPC.PPC3   0.0000000
PPC.PPC4   0.0000000
PPC.PPC5   0.0000000
PPC.PPC6   0.0000000
PS.PS1     0.0000000
PS.PS2     0.0000000
PS.PS3     0.0000000
PS.PS4     0.0000000
PS.PS5     0.0000000
PS.PS6     0.0000000
PS.PS7     0.0000000
PS.PS8     0.0000000
PS.PS9     0.0000000
PS.PS10    0.0000000
PS.PS11    0.0000000
PUI.PUI1   0.0000000
PUI.PUI2   0.0000000
PUI.PUI3   0.0000000
PUI.PUI4   0.0000000
PUI.PUI5   0.0000000
PUI.PUI7   0.0000000
PUI.PUI8   0.0000000
TKR.TKR1   0.0000000
TKR.TKR2   0.0000000
TKR.TKR3   0.0000000
TKR.TKR4   0.0000000
WEI.WEI1   0.7710375
WEI.WEI2   0.7651046
WEI.WEI3   0.7803964
WEI.WEI4   0.7913215
WEI.WEI5   0.8064484
WEI.WEI6   0.7558344
WEI.WEI7   0.7847154
WEI.WEI8   0.8166347


outer weights
                IoIT       EoA       EoI       IMG      PEOU       VIS       VOI       PUA       RES       SQR        LS       PPC        PS       PUI       TKR
IMG        0.3341259 0.0000000 0.0000000 0.0000000 0.0000000 0.0000000 0.0000000 0.0000000 0.0000000 0.0000000 0.0000000 0.0000000 0.0000000 0.0000000 0.0000000
PEOU       0.5084258 0.0000000 0.0000000 0.0000000 0.0000000 0.0000000 0.0000000 0.0000000 0.0000000 0.0000000 0.0000000 0.0000000 0.0000000 0.0000000 0.0000000
VIS        0.3473932 0.0000000 0.0000000 0.0000000 0.0000000 0.0000000 0.0000000 0.0000000 0.0000000 0.0000000 0.0000000 0.0000000 0.0000000 0.0000000 0.0000000
VOI        0.1691389 0.0000000 0.0000000 0.0000000 0.0000000 0.0000000 0.0000000 0.0000000 0.0000000 0.0000000 0.0000000 0.0000000 0.0000000 0.0000000 0.0000000
PUA        0.0000000 0.5140836 0.0000000 0.0000000 0.0000000 0.0000000 0.0000000 0.0000000 0.0000000 0.0000000 0.0000000 0.0000000 0.0000000 0.0000000 0.0000000
RES        0.0000000 0.4089497 0.0000000 0.0000000 0.0000000 0.0000000 0.0000000 0.0000000 0.0000000 0.0000000 0.0000000 0.0000000 0.0000000 0.0000000 0.0000000
SQR        0.0000000 0.3318547 0.0000000 0.0000000 0.0000000 0.0000000 0.0000000 0.0000000 0.0000000 0.0000000 0.0000000 0.0000000 0.0000000 0.0000000 0.0000000
LS         0.0000000 0.0000000 0.2013243 0.0000000 0.0000000 0.0000000 0.0000000 0.0000000 0.0000000 0.0000000 0.0000000 0.0000000 0.0000000 0.0000000 0.0000000
PPC        0.0000000 0.0000000 0.1965076 0.0000000 0.0000000 0.0000000 0.0000000 0.0000000 0.0000000 0.0000000 0.0000000 0.0000000 0.0000000 0.0000000 0.0000000
PS         0.0000000 0.0000000 0.2051187 0.0000000 0.0000000 0.0000000 0.0000000 0.0000000 0.0000000 0.0000000 0.0000000 0.0000000 0.0000000 0.0000000 0.0000000
PUI        0.0000000 0.0000000 0.2067277 0.0000000 0.0000000 0.0000000 0.0000000 0.0000000 0.0000000 0.0000000 0.0000000 0.0000000 0.0000000 0.0000000 0.0000000
TKR        0.0000000 0.0000000 0.1463832 0.0000000 0.0000000 0.0000000 0.0000000 0.0000000 0.0000000 0.0000000 0.0000000 0.0000000 0.0000000 0.0000000 0.0000000
WEI        0.0000000 0.0000000 0.2064277 0.0000000 0.0000000 0.0000000 0.0000000 0.0000000 0.0000000 0.0000000 0.0000000 0.0000000 0.0000000 0.0000000 0.0000000
IMG.IMG1   0.0000000 0.0000000 0.0000000 0.3603221 0.0000000 0.0000000 0.0000000 0.0000000 0.0000000 0.0000000 0.0000000 0.0000000 0.0000000 0.0000000 0.0000000
IMG.IMG2   0.0000000 0.0000000 0.0000000 0.3728677 0.0000000 0.0000000 0.0000000 0.0000000 0.0000000 0.0000000 0.0000000 0.0000000 0.0000000 0.0000000 0.0000000
IMG.IMG3   0.0000000 0.0000000 0.0000000 0.3846080 0.0000000 0.0000000 0.0000000 0.0000000 0.0000000 0.0000000 0.0000000 0.0000000 0.0000000 0.0000000 0.0000000
PEOU.PEOU1 0.0000000 0.0000000 0.0000000 0.0000000 0.2293408 0.0000000 0.0000000 0.0000000 0.0000000 0.0000000 0.0000000 0.0000000 0.0000000 0.0000000 0.0000000
PEOU.PEOU2 0.0000000 0.0000000 0.0000000 0.0000000 0.2080067 0.0000000 0.0000000 0.0000000 0.0000000 0.0000000 0.0000000 0.0000000 0.0000000 0.0000000 0.0000000
PEOU.PEOU3 0.0000000 0.0000000 0.0000000 0.0000000 0.2181133 0.0000000 0.0000000 0.0000000 0.0000000 0.0000000 0.0000000 0.0000000 0.0000000 0.0000000 0.0000000
PEOU.PEOU4 0.0000000 0.0000000 0.0000000 0.0000000 0.2074787 0.0000000 0.0000000 0.0000000 0.0000000 0.0000000 0.0000000 0.0000000 0.0000000 0.0000000 0.0000000
PEOU.PEOU5 0.0000000 0.0000000 0.0000000 0.0000000 0.1776431 0.0000000 0.0000000 0.0000000 0.0000000 0.0000000 0.0000000 0.0000000 0.0000000 0.0000000 0.0000000
PEOU.PEOU6 0.0000000 0.0000000 0.0000000 0.0000000 0.2223470 0.0000000 0.0000000 0.0000000 0.0000000 0.0000000 0.0000000 0.0000000 0.0000000 0.0000000 0.0000000
VIS.VIS1   0.0000000 0.0000000 0.0000000 0.0000000 0.0000000 0.4152838 0.0000000 0.0000000 0.0000000 0.0000000 0.0000000 0.0000000 0.0000000 0.0000000 0.0000000
VIS.VIS2   0.0000000 0.0000000 0.0000000 0.0000000 0.0000000 0.3732680 0.0000000 0.0000000 0.0000000 0.0000000 0.0000000 0.0000000 0.0000000 0.0000000 0.0000000
VIS.VIS3   0.0000000 0.0000000 0.0000000 0.0000000 0.0000000 0.3815653 0.0000000 0.0000000 0.0000000 0.0000000 0.0000000 0.0000000 0.0000000 0.0000000 0.0000000
VOI.VOI1   0.0000000 0.0000000 0.0000000 0.0000000 0.0000000 0.0000000 0.4105469 0.0000000 0.0000000 0.0000000 0.0000000 0.0000000 0.0000000 0.0000000 0.0000000
VOI.VOI2   0.0000000 0.0000000 0.0000000 0.0000000 0.0000000 0.0000000 0.3757854 0.0000000 0.0000000 0.0000000 0.0000000 0.0000000 0.0000000 0.0000000 0.0000000
VOI.VOI3   0.0000000 0.0000000 0.0000000 0.0000000 0.0000000 0.0000000 0.3395094 0.0000000 0.0000000 0.0000000 0.0000000 0.0000000 0.0000000 0.0000000 0.0000000
PUA.PUA1   0.0000000 0.0000000 0.0000000 0.0000000 0.0000000 0.0000000 0.0000000 0.1771425 0.0000000 0.0000000 0.0000000 0.0000000 0.0000000 0.0000000 0.0000000
PUA.PUA2   0.0000000 0.0000000 0.0000000 0.0000000 0.0000000 0.0000000 0.0000000 0.1720421 0.0000000 0.0000000 0.0000000 0.0000000 0.0000000 0.0000000 0.0000000
PUA.PUA3   0.0000000 0.0000000 0.0000000 0.0000000 0.0000000 0.0000000 0.0000000 0.1808409 0.0000000 0.0000000 0.0000000 0.0000000 0.0000000 0.0000000 0.0000000
PUA.PUA4   0.0000000 0.0000000 0.0000000 0.0000000 0.0000000 0.0000000 0.0000000 0.1712260 0.0000000 0.0000000 0.0000000 0.0000000 0.0000000 0.0000000 0.0000000
PUA.PUA5   0.0000000 0.0000000 0.0000000 0.0000000 0.0000000 0.0000000 0.0000000 0.1751438 0.0000000 0.0000000 0.0000000 0.0000000 0.0000000 0.0000000 0.0000000
PUA.PUA7   0.0000000 0.0000000 0.0000000 0.0000000 0.0000000 0.0000000 0.0000000 0.1699251 0.0000000 0.0000000 0.0000000 0.0000000 0.0000000 0.0000000 0.0000000
PUA.PUA8   0.0000000 0.0000000 0.0000000 0.0000000 0.0000000 0.0000000 0.0000000 0.1759064 0.0000000 0.0000000 0.0000000 0.0000000 0.0000000 0.0000000 0.0000000
RES.RES1   0.0000000 0.0000000 0.0000000 0.0000000 0.0000000 0.0000000 0.0000000 0.0000000 0.3831092 0.0000000 0.0000000 0.0000000 0.0000000 0.0000000 0.0000000
RES.RES2   0.0000000 0.0000000 0.0000000 0.0000000 0.0000000 0.0000000 0.0000000 0.0000000 0.4133396 0.0000000 0.0000000 0.0000000 0.0000000 0.0000000 0.0000000
RES.RES3   0.0000000 0.0000000 0.0000000 0.0000000 0.0000000 0.0000000 0.0000000 0.0000000 0.4756500 0.0000000 0.0000000 0.0000000 0.0000000 0.0000000 0.0000000
SQR.SQR1   0.0000000 0.0000000 0.0000000 0.0000000 0.0000000 0.0000000 0.0000000 0.0000000 0.0000000 0.4005666 0.0000000 0.0000000 0.0000000 0.0000000 0.0000000
SQR.SQR2   0.0000000 0.0000000 0.0000000 0.0000000 0.0000000 0.0000000 0.0000000 0.0000000 0.0000000 0.3908218 0.0000000 0.0000000 0.0000000 0.0000000 0.0000000
SQR.SQR3   0.0000000 0.0000000 0.0000000 0.0000000 0.0000000 0.0000000 0.0000000 0.0000000 0.0000000 0.3972183 0.0000000 0.0000000 0.0000000 0.0000000 0.0000000
LS.LS1     0.0000000 0.0000000 0.0000000 0.0000000 0.0000000 0.0000000 0.0000000 0.0000000 0.0000000 0.0000000 0.1686179 0.0000000 0.0000000 0.0000000 0.0000000
LS.LS2     0.0000000 0.0000000 0.0000000 0.0000000 0.0000000 0.0000000 0.0000000 0.0000000 0.0000000 0.0000000 0.1509249 0.0000000 0.0000000 0.0000000 0.0000000
LS.LS3     0.0000000 0.0000000 0.0000000 0.0000000 0.0000000 0.0000000 0.0000000 0.0000000 0.0000000 0.0000000 0.1511463 0.0000000 0.0000000 0.0000000 0.0000000
LS.LS4     0.0000000 0.0000000 0.0000000 0.0000000 0.0000000 0.0000000 0.0000000 0.0000000 0.0000000 0.0000000 0.1635305 0.0000000 0.0000000 0.0000000 0.0000000
LS.LS5     0.0000000 0.0000000 0.0000000 0.0000000 0.0000000 0.0000000 0.0000000 0.0000000 0.0000000 0.0000000 0.1702159 0.0000000 0.0000000 0.0000000 0.0000000
LS.LS6     0.0000000 0.0000000 0.0000000 0.0000000 0.0000000 0.0000000 0.0000000 0.0000000 0.0000000 0.0000000 0.1778825 0.0000000 0.0000000 0.0000000 0.0000000
LS.LS7     0.0000000 0.0000000 0.0000000 0.0000000 0.0000000 0.0000000 0.0000000 0.0000000 0.0000000 0.0000000 0.1587922 0.0000000 0.0000000 0.0000000 0.0000000
LS.LS8     0.0000000 0.0000000 0.0000000 0.0000000 0.0000000 0.0000000 0.0000000 0.0000000 0.0000000 0.0000000 0.1645357 0.0000000 0.0000000 0.0000000 0.0000000
PPC.PPC1   0.0000000 0.0000000 0.0000000 0.0000000 0.0000000 0.0000000 0.0000000 0.0000000 0.0000000 0.0000000 0.0000000 0.2283681 0.0000000 0.0000000 0.0000000
PPC.PPC2   0.0000000 0.0000000 0.0000000 0.0000000 0.0000000 0.0000000 0.0000000 0.0000000 0.0000000 0.0000000 0.0000000 0.1847635 0.0000000 0.0000000 0.0000000
PPC.PPC3   0.0000000 0.0000000 0.0000000 0.0000000 0.0000000 0.0000000 0.0000000 0.0000000 0.0000000 0.0000000 0.0000000 0.2100254 0.0000000 0.0000000 0.0000000
PPC.PPC4   0.0000000 0.0000000 0.0000000 0.0000000 0.0000000 0.0000000 0.0000000 0.0000000 0.0000000 0.0000000 0.0000000 0.2237905 0.0000000 0.0000000 0.0000000
PPC.PPC5   0.0000000 0.0000000 0.0000000 0.0000000 0.0000000 0.0000000 0.0000000 0.0000000 0.0000000 0.0000000 0.0000000 0.2140651 0.0000000 0.0000000 0.0000000
PPC.PPC6   0.0000000 0.0000000 0.0000000 0.0000000 0.0000000 0.0000000 0.0000000 0.0000000 0.0000000 0.0000000 0.0000000 0.2243114 0.0000000 0.0000000 0.0000000
PS.PS1     0.0000000 0.0000000 0.0000000 0.0000000 0.0000000 0.0000000 0.0000000 0.0000000 0.0000000 0.0000000 0.0000000 0.0000000 0.1201622 0.0000000 0.0000000
PS.PS2     0.0000000 0.0000000 0.0000000 0.0000000 0.0000000 0.0000000 0.0000000 0.0000000 0.0000000 0.0000000 0.0000000 0.0000000 0.1183786 0.0000000 0.0000000
PS.PS3     0.0000000 0.0000000 0.0000000 0.0000000 0.0000000 0.0000000 0.0000000 0.0000000 0.0000000 0.0000000 0.0000000 0.0000000 0.1175316 0.0000000 0.0000000
PS.PS4     0.0000000 0.0000000 0.0000000 0.0000000 0.0000000 0.0000000 0.0000000 0.0000000 0.0000000 0.0000000 0.0000000 0.0000000 0.1082081 0.0000000 0.0000000
PS.PS5     0.0000000 0.0000000 0.0000000 0.0000000 0.0000000 0.0000000 0.0000000 0.0000000 0.0000000 0.0000000 0.0000000 0.0000000 0.1095851 0.0000000 0.0000000
PS.PS6     0.0000000 0.0000000 0.0000000 0.0000000 0.0000000 0.0000000 0.0000000 0.0000000 0.0000000 0.0000000 0.0000000 0.0000000 0.1152704 0.0000000 0.0000000
PS.PS7     0.0000000 0.0000000 0.0000000 0.0000000 0.0000000 0.0000000 0.0000000 0.0000000 0.0000000 0.0000000 0.0000000 0.0000000 0.1146688 0.0000000 0.0000000
PS.PS8     0.0000000 0.0000000 0.0000000 0.0000000 0.0000000 0.0000000 0.0000000 0.0000000 0.0000000 0.0000000 0.0000000 0.0000000 0.1070798 0.0000000 0.0000000
PS.PS9     0.0000000 0.0000000 0.0000000 0.0000000 0.0000000 0.0000000 0.0000000 0.0000000 0.0000000 0.0000000 0.0000000 0.0000000 0.1175005 0.0000000 0.0000000
PS.PS10    0.0000000 0.0000000 0.0000000 0.0000000 0.0000000 0.0000000 0.0000000 0.0000000 0.0000000 0.0000000 0.0000000 0.0000000 0.1088835 0.0000000 0.0000000
PS.PS11    0.0000000 0.0000000 0.0000000 0.0000000 0.0000000 0.0000000 0.0000000 0.0000000 0.0000000 0.0000000 0.0000000 0.0000000 0.1130561 0.0000000 0.0000000
PUI.PUI1   0.0000000 0.0000000 0.0000000 0.0000000 0.0000000 0.0000000 0.0000000 0.0000000 0.0000000 0.0000000 0.0000000 0.0000000 0.0000000 0.1812881 0.0000000
PUI.PUI2   0.0000000 0.0000000 0.0000000 0.0000000 0.0000000 0.0000000 0.0000000 0.0000000 0.0000000 0.0000000 0.0000000 0.0000000 0.0000000 0.1693723 0.0000000
PUI.PUI3   0.0000000 0.0000000 0.0000000 0.0000000 0.0000000 0.0000000 0.0000000 0.0000000 0.0000000 0.0000000 0.0000000 0.0000000 0.0000000 0.1720845 0.0000000
PUI.PUI4   0.0000000 0.0000000 0.0000000 0.0000000 0.0000000 0.0000000 0.0000000 0.0000000 0.0000000 0.0000000 0.0000000 0.0000000 0.0000000 0.1662014 0.0000000
PUI.PUI5   0.0000000 0.0000000 0.0000000 0.0000000 0.0000000 0.0000000 0.0000000 0.0000000 0.0000000 0.0000000 0.0000000 0.0000000 0.0000000 0.1765595 0.0000000
PUI.PUI7   0.0000000 0.0000000 0.0000000 0.0000000 0.0000000 0.0000000 0.0000000 0.0000000 0.0000000 0.0000000 0.0000000 0.0000000 0.0000000 0.1776797 0.0000000
PUI.PUI8   0.0000000 0.0000000 0.0000000 0.0000000 0.0000000 0.0000000 0.0000000 0.0000000 0.0000000 0.0000000 0.0000000 0.0000000 0.0000000 0.1651722 0.0000000
TKR.TKR1   0.0000000 0.0000000 0.0000000 0.0000000 0.0000000 0.0000000 0.0000000 0.0000000 0.0000000 0.0000000 0.0000000 0.0000000 0.0000000 0.0000000 0.2881341
TKR.TKR2   0.0000000 0.0000000 0.0000000 0.0000000 0.0000000 0.0000000 0.0000000 0.0000000 0.0000000 0.0000000 0.0000000 0.0000000 0.0000000 0.0000000 0.2935574
TKR.TKR3   0.0000000 0.0000000 0.0000000 0.0000000 0.0000000 0.0000000 0.0000000 0.0000000 0.0000000 0.0000000 0.0000000 0.0000000 0.0000000 0.0000000 0.3033191
TKR.TKR4   0.0000000 0.0000000 0.0000000 0.0000000 0.0000000 0.0000000 0.0000000 0.0000000 0.0000000 0.0000000 0.0000000 0.0000000 0.0000000 0.0000000 0.3107205
WEI.WEI1   0.0000000 0.0000000 0.0000000 0.0000000 0.0000000 0.0000000 0.0000000 0.0000000 0.0000000 0.0000000 0.0000000 0.0000000 0.0000000 0.0000000 0.0000000
WEI.WEI2   0.0000000 0.0000000 0.0000000 0.0000000 0.0000000 0.0000000 0.0000000 0.0000000 0.0000000 0.0000000 0.0000000 0.0000000 0.0000000 0.0000000 0.0000000
WEI.WEI3   0.0000000 0.0000000 0.0000000 0.0000000 0.0000000 0.0000000 0.0000000 0.0000000 0.0000000 0.0000000 0.0000000 0.0000000 0.0000000 0.0000000 0.0000000
WEI.WEI4   0.0000000 0.0000000 0.0000000 0.0000000 0.0000000 0.0000000 0.0000000 0.0000000 0.0000000 0.0000000 0.0000000 0.0000000 0.0000000 0.0000000 0.0000000
WEI.WEI5   0.0000000 0.0000000 0.0000000 0.0000000 0.0000000 0.0000000 0.0000000 0.0000000 0.0000000 0.0000000 0.0000000 0.0000000 0.0000000 0.0000000 0.0000000
WEI.WEI6   0.0000000 0.0000000 0.0000000 0.0000000 0.0000000 0.0000000 0.0000000 0.0000000 0.0000000 0.0000000 0.0000000 0.0000000 0.0000000 0.0000000 0.0000000
WEI.WEI7   0.0000000 0.0000000 0.0000000 0.0000000 0.0000000 0.0000000 0.0000000 0.0000000 0.0000000 0.0000000 0.0000000 0.0000000 0.0000000 0.0000000 0.0000000
WEI.WEI8   0.0000000 0.0000000 0.0000000 0.0000000 0.0000000 0.0000000 0.0000000 0.0000000 0.0000000 0.0000000 0.0000000 0.0000000 0.0000000 0.0000000 0.0000000
                 WEI
IMG        0.0000000
PEOU       0.0000000
VIS        0.0000000
VOI        0.0000000
PUA        0.0000000
RES        0.0000000
SQR        0.0000000
LS         0.0000000
PPC        0.0000000
PS         0.0000000
PUI        0.0000000
TKR        0.0000000
WEI        0.0000000
IMG.IMG1   0.0000000
IMG.IMG2   0.0000000
IMG.IMG3   0.0000000
PEOU.PEOU1 0.0000000
PEOU.PEOU2 0.0000000
PEOU.PEOU3 0.0000000
PEOU.PEOU4 0.0000000
PEOU.PEOU5 0.0000000
PEOU.PEOU6 0.0000000
VIS.VIS1   0.0000000
VIS.VIS2   0.0000000
VIS.VIS3   0.0000000
VOI.VOI1   0.0000000
VOI.VOI2   0.0000000
VOI.VOI3   0.0000000
PUA.PUA1   0.0000000
PUA.PUA2   0.0000000
PUA.PUA3   0.0000000
PUA.PUA4   0.0000000
PUA.PUA5   0.0000000
PUA.PUA7   0.0000000
PUA.PUA8   0.0000000
RES.RES1   0.0000000
RES.RES2   0.0000000
RES.RES3   0.0000000
SQR.SQR1   0.0000000
SQR.SQR2   0.0000000
SQR.SQR3   0.0000000
LS.LS1     0.0000000
LS.LS2     0.0000000
LS.LS3     0.0000000
LS.LS4     0.0000000
LS.LS5     0.0000000
LS.LS6     0.0000000
LS.LS7     0.0000000
LS.LS8     0.0000000
PPC.PPC1   0.0000000
PPC.PPC2   0.0000000
PPC.PPC3   0.0000000
PPC.PPC4   0.0000000
PPC.PPC5   0.0000000
PPC.PPC6   0.0000000
PS.PS1     0.0000000
PS.PS2     0.0000000
PS.PS3     0.0000000
PS.PS4     0.0000000
PS.PS5     0.0000000
PS.PS6     0.0000000
PS.PS7     0.0000000
PS.PS8     0.0000000
PS.PS9     0.0000000
PS.PS10    0.0000000
PS.PS11    0.0000000
PUI.PUI1   0.0000000
PUI.PUI2   0.0000000
PUI.PUI3   0.0000000
PUI.PUI4   0.0000000
PUI.PUI5   0.0000000
PUI.PUI7   0.0000000
PUI.PUI8   0.0000000
TKR.TKR1   0.0000000
TKR.TKR2   0.0000000
TKR.TKR3   0.0000000
TKR.TKR4   0.0000000
WEI.WEI1   0.1542227
WEI.WEI2   0.1596265
WEI.WEI3   0.1614921
WEI.WEI4   0.1581726
WEI.WEI5   0.1684458
WEI.WEI6   0.1478997
WEI.WEI7   0.1612649
WEI.WEI8   0.1635821


path coef
     IoIT       EoA       EoI
IoIT    0 0.7216516 0.2950654
EoA     0 0.0000000 0.6633276
EoI     0 0.0000000 0.0000000
