outer loadings
                IoIT       EoA       EoI       IMG      PEOU       VIS        VOI       PUA       RES       SQR        SR        LS       PPC        PS       PUI
IMG        0.7334248 0.0000000 0.0000000 0.0000000 0.0000000 0.0000000 0.00000000 0.0000000 0.0000000 0.0000000 0.0000000 0.0000000 0.0000000 0.0000000 0.0000000
PEOU       0.7808376 0.0000000 0.0000000 0.0000000 0.0000000 0.0000000 0.00000000 0.0000000 0.0000000 0.0000000 0.0000000 0.0000000 0.0000000 0.0000000 0.0000000
VIS        0.7338953 0.0000000 0.0000000 0.0000000 0.0000000 0.0000000 0.00000000 0.0000000 0.0000000 0.0000000 0.0000000 0.0000000 0.0000000 0.0000000 0.0000000
VOI        0.6798185 0.0000000 0.0000000 0.0000000 0.0000000 0.0000000 0.00000000 0.0000000 0.0000000 0.0000000 0.0000000 0.0000000 0.0000000 0.0000000 0.0000000
PUA        0.0000000 0.8343993 0.0000000 0.0000000 0.0000000 0.0000000 0.00000000 0.0000000 0.0000000 0.0000000 0.0000000 0.0000000 0.0000000 0.0000000 0.0000000
RES        0.0000000 0.7911629 0.0000000 0.0000000 0.0000000 0.0000000 0.00000000 0.0000000 0.0000000 0.0000000 0.0000000 0.0000000 0.0000000 0.0000000 0.0000000
SQR        0.0000000 0.7196903 0.0000000 0.0000000 0.0000000 0.0000000 0.00000000 0.0000000 0.0000000 0.0000000 0.0000000 0.0000000 0.0000000 0.0000000 0.0000000
SR         0.0000000 0.4209140 0.0000000 0.0000000 0.0000000 0.0000000 0.00000000 0.0000000 0.0000000 0.0000000 0.0000000 0.0000000 0.0000000 0.0000000 0.0000000
LS         0.0000000 0.0000000 0.8958503 0.0000000 0.0000000 0.0000000 0.00000000 0.0000000 0.0000000 0.0000000 0.0000000 0.0000000 0.0000000 0.0000000 0.0000000
PPC        0.0000000 0.0000000 0.8708273 0.0000000 0.0000000 0.0000000 0.00000000 0.0000000 0.0000000 0.0000000 0.0000000 0.0000000 0.0000000 0.0000000 0.0000000
PS         0.0000000 0.0000000 0.8882964 0.0000000 0.0000000 0.0000000 0.00000000 0.0000000 0.0000000 0.0000000 0.0000000 0.0000000 0.0000000 0.0000000 0.0000000
PUI        0.0000000 0.0000000 0.9115817 0.0000000 0.0000000 0.0000000 0.00000000 0.0000000 0.0000000 0.0000000 0.0000000 0.0000000 0.0000000 0.0000000 0.0000000
TKR        0.0000000 0.0000000 0.6485860 0.0000000 0.0000000 0.0000000 0.00000000 0.0000000 0.0000000 0.0000000 0.0000000 0.0000000 0.0000000 0.0000000 0.0000000
WEI        0.0000000 0.0000000 0.8978408 0.0000000 0.0000000 0.0000000 0.00000000 0.0000000 0.0000000 0.0000000 0.0000000 0.0000000 0.0000000 0.0000000 0.0000000
IMG.IMG1   0.0000000 0.0000000 0.0000000 0.8949914 0.0000000 0.0000000 0.00000000 0.0000000 0.0000000 0.0000000 0.0000000 0.0000000 0.0000000 0.0000000 0.0000000
IMG.IMG2   0.0000000 0.0000000 0.0000000 0.9001463 0.0000000 0.0000000 0.00000000 0.0000000 0.0000000 0.0000000 0.0000000 0.0000000 0.0000000 0.0000000 0.0000000
IMG.IMG3   0.0000000 0.0000000 0.0000000 0.8889018 0.0000000 0.0000000 0.00000000 0.0000000 0.0000000 0.0000000 0.0000000 0.0000000 0.0000000 0.0000000 0.0000000
PEOU.PEOU1 0.0000000 0.0000000 0.0000000 0.0000000 0.7795281 0.0000000 0.00000000 0.0000000 0.0000000 0.0000000 0.0000000 0.0000000 0.0000000 0.0000000 0.0000000
PEOU.PEOU2 0.0000000 0.0000000 0.0000000 0.0000000 0.8001710 0.0000000 0.00000000 0.0000000 0.0000000 0.0000000 0.0000000 0.0000000 0.0000000 0.0000000 0.0000000
PEOU.PEOU3 0.0000000 0.0000000 0.0000000 0.0000000 0.8310824 0.0000000 0.00000000 0.0000000 0.0000000 0.0000000 0.0000000 0.0000000 0.0000000 0.0000000 0.0000000
PEOU.PEOU4 0.0000000 0.0000000 0.0000000 0.0000000 0.8216161 0.0000000 0.00000000 0.0000000 0.0000000 0.0000000 0.0000000 0.0000000 0.0000000 0.0000000 0.0000000
PEOU.PEOU5 0.0000000 0.0000000 0.0000000 0.0000000 0.7071406 0.0000000 0.00000000 0.0000000 0.0000000 0.0000000 0.0000000 0.0000000 0.0000000 0.0000000 0.0000000
PEOU.PEOU6 0.0000000 0.0000000 0.0000000 0.0000000 0.7979587 0.0000000 0.00000000 0.0000000 0.0000000 0.0000000 0.0000000 0.0000000 0.0000000 0.0000000 0.0000000
VIS.VIS1   0.0000000 0.0000000 0.0000000 0.0000000 0.0000000 0.8488045 0.00000000 0.0000000 0.0000000 0.0000000 0.0000000 0.0000000 0.0000000 0.0000000 0.0000000
VIS.VIS2   0.0000000 0.0000000 0.0000000 0.0000000 0.0000000 0.8521864 0.00000000 0.0000000 0.0000000 0.0000000 0.0000000 0.0000000 0.0000000 0.0000000 0.0000000
VIS.VIS3   0.0000000 0.0000000 0.0000000 0.0000000 0.0000000 0.8633103 0.00000000 0.0000000 0.0000000 0.0000000 0.0000000 0.0000000 0.0000000 0.0000000 0.0000000
VOI.VOI1   0.0000000 0.0000000 0.0000000 0.0000000 0.0000000 0.0000000 0.85274713 0.0000000 0.0000000 0.0000000 0.0000000 0.0000000 0.0000000 0.0000000 0.0000000
VOI.VOI2   0.0000000 0.0000000 0.0000000 0.0000000 0.0000000 0.0000000 0.83304910 0.0000000 0.0000000 0.0000000 0.0000000 0.0000000 0.0000000 0.0000000 0.0000000
VOI.VOI3   0.0000000 0.0000000 0.0000000 0.0000000 0.0000000 0.0000000 0.81961152 0.0000000 0.0000000 0.0000000 0.0000000 0.0000000 0.0000000 0.0000000 0.0000000
VOI.VOI4   0.0000000 0.0000000 0.0000000 0.0000000 0.0000000 0.0000000 0.07860312 0.0000000 0.0000000 0.0000000 0.0000000 0.0000000 0.0000000 0.0000000 0.0000000
PUA.PUA1   0.0000000 0.0000000 0.0000000 0.0000000 0.0000000 0.0000000 0.00000000 0.8448003 0.0000000 0.0000000 0.0000000 0.0000000 0.0000000 0.0000000 0.0000000
PUA.PUA2   0.0000000 0.0000000 0.0000000 0.0000000 0.0000000 0.0000000 0.00000000 0.8187804 0.0000000 0.0000000 0.0000000 0.0000000 0.0000000 0.0000000 0.0000000
PUA.PUA3   0.0000000 0.0000000 0.0000000 0.0000000 0.0000000 0.0000000 0.00000000 0.8135472 0.0000000 0.0000000 0.0000000 0.0000000 0.0000000 0.0000000 0.0000000
PUA.PUA4   0.0000000 0.0000000 0.0000000 0.0000000 0.0000000 0.0000000 0.00000000 0.8115451 0.0000000 0.0000000 0.0000000 0.0000000 0.0000000 0.0000000 0.0000000
PUA.PUA5   0.0000000 0.0000000 0.0000000 0.0000000 0.0000000 0.0000000 0.00000000 0.8095123 0.0000000 0.0000000 0.0000000 0.0000000 0.0000000 0.0000000 0.0000000
PUA.PUA7   0.0000000 0.0000000 0.0000000 0.0000000 0.0000000 0.0000000 0.00000000 0.7877382 0.0000000 0.0000000 0.0000000 0.0000000 0.0000000 0.0000000 0.0000000
PUA.PUA8   0.0000000 0.0000000 0.0000000 0.0000000 0.0000000 0.0000000 0.00000000 0.8400337 0.0000000 0.0000000 0.0000000 0.0000000 0.0000000 0.0000000 0.0000000
RES.RES1   0.0000000 0.0000000 0.0000000 0.0000000 0.0000000 0.0000000 0.00000000 0.0000000 0.7250394 0.0000000 0.0000000 0.0000000 0.0000000 0.0000000 0.0000000
RES.RES2   0.0000000 0.0000000 0.0000000 0.0000000 0.0000000 0.0000000 0.00000000 0.0000000 0.7992344 0.0000000 0.0000000 0.0000000 0.0000000 0.0000000 0.0000000
RES.RES3   0.0000000 0.0000000 0.0000000 0.0000000 0.0000000 0.0000000 0.00000000 0.0000000 0.8065866 0.0000000 0.0000000 0.0000000 0.0000000 0.0000000 0.0000000
RES.RES4   0.0000000 0.0000000 0.0000000 0.0000000 0.0000000 0.0000000 0.00000000 0.0000000 0.1760634 0.0000000 0.0000000 0.0000000 0.0000000 0.0000000 0.0000000
SQR.SQR1   0.0000000 0.0000000 0.0000000 0.0000000 0.0000000 0.0000000 0.00000000 0.0000000 0.0000000 0.8308155 0.0000000 0.0000000 0.0000000 0.0000000 0.0000000
SQR.SQR2   0.0000000 0.0000000 0.0000000 0.0000000 0.0000000 0.0000000 0.00000000 0.0000000 0.0000000 0.8375751 0.0000000 0.0000000 0.0000000 0.0000000 0.0000000
SQR.SQR3   0.0000000 0.0000000 0.0000000 0.0000000 0.0000000 0.0000000 0.00000000 0.0000000 0.0000000 0.8061937 0.0000000 0.0000000 0.0000000 0.0000000 0.0000000
SQR.SQR4   0.0000000 0.0000000 0.0000000 0.0000000 0.0000000 0.0000000 0.00000000 0.0000000 0.0000000 0.4226979 0.0000000 0.0000000 0.0000000 0.0000000 0.0000000
SR.SR1     0.0000000 0.0000000 0.0000000 0.0000000 0.0000000 0.0000000 0.00000000 0.0000000 0.0000000 0.0000000 0.9014966 0.0000000 0.0000000 0.0000000 0.0000000
SR.SR2     0.0000000 0.0000000 0.0000000 0.0000000 0.0000000 0.0000000 0.00000000 0.0000000 0.0000000 0.0000000 0.8677600 0.0000000 0.0000000 0.0000000 0.0000000
SR.SR3     0.0000000 0.0000000 0.0000000 0.0000000 0.0000000 0.0000000 0.00000000 0.0000000 0.0000000 0.0000000 0.9056671 0.0000000 0.0000000 0.0000000 0.0000000
SR.SR4     0.0000000 0.0000000 0.0000000 0.0000000 0.0000000 0.0000000 0.00000000 0.0000000 0.0000000 0.0000000 0.9003025 0.0000000 0.0000000 0.0000000 0.0000000
LS.LS1     0.0000000 0.0000000 0.0000000 0.0000000 0.0000000 0.0000000 0.00000000 0.0000000 0.0000000 0.0000000 0.0000000 0.7370445 0.0000000 0.0000000 0.0000000
LS.LS2     0.0000000 0.0000000 0.0000000 0.0000000 0.0000000 0.0000000 0.00000000 0.0000000 0.0000000 0.0000000 0.0000000 0.7146191 0.0000000 0.0000000 0.0000000
LS.LS3     0.0000000 0.0000000 0.0000000 0.0000000 0.0000000 0.0000000 0.00000000 0.0000000 0.0000000 0.0000000 0.0000000 0.7468960 0.0000000 0.0000000 0.0000000
LS.LS4     0.0000000 0.0000000 0.0000000 0.0000000 0.0000000 0.0000000 0.00000000 0.0000000 0.0000000 0.0000000 0.0000000 0.7925941 0.0000000 0.0000000 0.0000000
LS.LS5     0.0000000 0.0000000 0.0000000 0.0000000 0.0000000 0.0000000 0.00000000 0.0000000 0.0000000 0.0000000 0.0000000 0.7808061 0.0000000 0.0000000 0.0000000
LS.LS6     0.0000000 0.0000000 0.0000000 0.0000000 0.0000000 0.0000000 0.00000000 0.0000000 0.0000000 0.0000000 0.0000000 0.7975686 0.0000000 0.0000000 0.0000000
LS.LS7     0.0000000 0.0000000 0.0000000 0.0000000 0.0000000 0.0000000 0.00000000 0.0000000 0.0000000 0.0000000 0.0000000 0.7433829 0.0000000 0.0000000 0.0000000
LS.LS8     0.0000000 0.0000000 0.0000000 0.0000000 0.0000000 0.0000000 0.00000000 0.0000000 0.0000000 0.0000000 0.0000000 0.8055361 0.0000000 0.0000000 0.0000000
PPC.PPC1   0.0000000 0.0000000 0.0000000 0.0000000 0.0000000 0.0000000 0.00000000 0.0000000 0.0000000 0.0000000 0.0000000 0.0000000 0.8115740 0.0000000 0.0000000
PPC.PPC2   0.0000000 0.0000000 0.0000000 0.0000000 0.0000000 0.0000000 0.00000000 0.0000000 0.0000000 0.0000000 0.0000000 0.0000000 0.7173287 0.0000000 0.0000000
PPC.PPC3   0.0000000 0.0000000 0.0000000 0.0000000 0.0000000 0.0000000 0.00000000 0.0000000 0.0000000 0.0000000 0.0000000 0.0000000 0.7590823 0.0000000 0.0000000
PPC.PPC4   0.0000000 0.0000000 0.0000000 0.0000000 0.0000000 0.0000000 0.00000000 0.0000000 0.0000000 0.0000000 0.0000000 0.0000000 0.8161787 0.0000000 0.0000000
PPC.PPC5   0.0000000 0.0000000 0.0000000 0.0000000 0.0000000 0.0000000 0.00000000 0.0000000 0.0000000 0.0000000 0.0000000 0.0000000 0.7417636 0.0000000 0.0000000
PPC.PPC6   0.0000000 0.0000000 0.0000000 0.0000000 0.0000000 0.0000000 0.00000000 0.0000000 0.0000000 0.0000000 0.0000000 0.0000000 0.8080745 0.0000000 0.0000000
PS.PS1     0.0000000 0.0000000 0.0000000 0.0000000 0.0000000 0.0000000 0.00000000 0.0000000 0.0000000 0.0000000 0.0000000 0.0000000 0.0000000 0.8293037 0.0000000
PS.PS2     0.0000000 0.0000000 0.0000000 0.0000000 0.0000000 0.0000000 0.00000000 0.0000000 0.0000000 0.0000000 0.0000000 0.0000000 0.0000000 0.8206610 0.0000000
PS.PS3     0.0000000 0.0000000 0.0000000 0.0000000 0.0000000 0.0000000 0.00000000 0.0000000 0.0000000 0.0000000 0.0000000 0.0000000 0.0000000 0.8344076 0.0000000
PS.PS4     0.0000000 0.0000000 0.0000000 0.0000000 0.0000000 0.0000000 0.00000000 0.0000000 0.0000000 0.0000000 0.0000000 0.0000000 0.0000000 0.7832916 0.0000000
PS.PS5     0.0000000 0.0000000 0.0000000 0.0000000 0.0000000 0.0000000 0.00000000 0.0000000 0.0000000 0.0000000 0.0000000 0.0000000 0.0000000 0.7840786 0.0000000
PS.PS6     0.0000000 0.0000000 0.0000000 0.0000000 0.0000000 0.0000000 0.00000000 0.0000000 0.0000000 0.0000000 0.0000000 0.0000000 0.0000000 0.7861562 0.0000000
PS.PS7     0.0000000 0.0000000 0.0000000 0.0000000 0.0000000 0.0000000 0.00000000 0.0000000 0.0000000 0.0000000 0.0000000 0.0000000 0.0000000 0.8130017 0.0000000
PS.PS8     0.0000000 0.0000000 0.0000000 0.0000000 0.0000000 0.0000000 0.00000000 0.0000000 0.0000000 0.0000000 0.0000000 0.0000000 0.0000000 0.7795109 0.0000000
PS.PS9     0.0000000 0.0000000 0.0000000 0.0000000 0.0000000 0.0000000 0.00000000 0.0000000 0.0000000 0.0000000 0.0000000 0.0000000 0.0000000 0.8116135 0.0000000
PS.PS10    0.0000000 0.0000000 0.0000000 0.0000000 0.0000000 0.0000000 0.00000000 0.0000000 0.0000000 0.0000000 0.0000000 0.0000000 0.0000000 0.7622123 0.0000000
PS.PS11    0.0000000 0.0000000 0.0000000 0.0000000 0.0000000 0.0000000 0.00000000 0.0000000 0.0000000 0.0000000 0.0000000 0.0000000 0.0000000 0.7852334 0.0000000
PUI.PUI1   0.0000000 0.0000000 0.0000000 0.0000000 0.0000000 0.0000000 0.00000000 0.0000000 0.0000000 0.0000000 0.0000000 0.0000000 0.0000000 0.0000000 0.8397277
PUI.PUI2   0.0000000 0.0000000 0.0000000 0.0000000 0.0000000 0.0000000 0.00000000 0.0000000 0.0000000 0.0000000 0.0000000 0.0000000 0.0000000 0.0000000 0.8330162
PUI.PUI3   0.0000000 0.0000000 0.0000000 0.0000000 0.0000000 0.0000000 0.00000000 0.0000000 0.0000000 0.0000000 0.0000000 0.0000000 0.0000000 0.0000000 0.8346023
PUI.PUI4   0.0000000 0.0000000 0.0000000 0.0000000 0.0000000 0.0000000 0.00000000 0.0000000 0.0000000 0.0000000 0.0000000 0.0000000 0.0000000 0.0000000 0.7876399
PUI.PUI5   0.0000000 0.0000000 0.0000000 0.0000000 0.0000000 0.0000000 0.00000000 0.0000000 0.0000000 0.0000000 0.0000000 0.0000000 0.0000000 0.0000000 0.8339509
PUI.PUI6   0.0000000 0.0000000 0.0000000 0.0000000 0.0000000 0.0000000 0.00000000 0.0000000 0.0000000 0.0000000 0.0000000 0.0000000 0.0000000 0.0000000 0.5507455
PUI.PUI7   0.0000000 0.0000000 0.0000000 0.0000000 0.0000000 0.0000000 0.00000000 0.0000000 0.0000000 0.0000000 0.0000000 0.0000000 0.0000000 0.0000000 0.8312896
PUI.PUI8   0.0000000 0.0000000 0.0000000 0.0000000 0.0000000 0.0000000 0.00000000 0.0000000 0.0000000 0.0000000 0.0000000 0.0000000 0.0000000 0.0000000 0.8050519
TKR.TKR1   0.0000000 0.0000000 0.0000000 0.0000000 0.0000000 0.0000000 0.00000000 0.0000000 0.0000000 0.0000000 0.0000000 0.0000000 0.0000000 0.0000000 0.0000000
TKR.TKR2   0.0000000 0.0000000 0.0000000 0.0000000 0.0000000 0.0000000 0.00000000 0.0000000 0.0000000 0.0000000 0.0000000 0.0000000 0.0000000 0.0000000 0.0000000
TKR.TKR3   0.0000000 0.0000000 0.0000000 0.0000000 0.0000000 0.0000000 0.00000000 0.0000000 0.0000000 0.0000000 0.0000000 0.0000000 0.0000000 0.0000000 0.0000000
TKR.TKR4   0.0000000 0.0000000 0.0000000 0.0000000 0.0000000 0.0000000 0.00000000 0.0000000 0.0000000 0.0000000 0.0000000 0.0000000 0.0000000 0.0000000 0.0000000
WEI.WEI1   0.0000000 0.0000000 0.0000000 0.0000000 0.0000000 0.0000000 0.00000000 0.0000000 0.0000000 0.0000000 0.0000000 0.0000000 0.0000000 0.0000000 0.0000000
WEI.WEI2   0.0000000 0.0000000 0.0000000 0.0000000 0.0000000 0.0000000 0.00000000 0.0000000 0.0000000 0.0000000 0.0000000 0.0000000 0.0000000 0.0000000 0.0000000
WEI.WEI3   0.0000000 0.0000000 0.0000000 0.0000000 0.0000000 0.0000000 0.00000000 0.0000000 0.0000000 0.0000000 0.0000000 0.0000000 0.0000000 0.0000000 0.0000000
WEI.WEI4   0.0000000 0.0000000 0.0000000 0.0000000 0.0000000 0.0000000 0.00000000 0.0000000 0.0000000 0.0000000 0.0000000 0.0000000 0.0000000 0.0000000 0.0000000
WEI.WEI5   0.0000000 0.0000000 0.0000000 0.0000000 0.0000000 0.0000000 0.00000000 0.0000000 0.0000000 0.0000000 0.0000000 0.0000000 0.0000000 0.0000000 0.0000000
WEI.WEI6   0.0000000 0.0000000 0.0000000 0.0000000 0.0000000 0.0000000 0.00000000 0.0000000 0.0000000 0.0000000 0.0000000 0.0000000 0.0000000 0.0000000 0.0000000
WEI.WEI7   0.0000000 0.0000000 0.0000000 0.0000000 0.0000000 0.0000000 0.00000000 0.0000000 0.0000000 0.0000000 0.0000000 0.0000000 0.0000000 0.0000000 0.0000000
WEI.WEI8   0.0000000 0.0000000 0.0000000 0.0000000 0.0000000 0.0000000 0.00000000 0.0000000 0.0000000 0.0000000 0.0000000 0.0000000 0.0000000 0.0000000 0.0000000
                 TKR       WEI
IMG        0.0000000 0.0000000
PEOU       0.0000000 0.0000000
VIS        0.0000000 0.0000000
VOI        0.0000000 0.0000000
PUA        0.0000000 0.0000000
RES        0.0000000 0.0000000
SQR        0.0000000 0.0000000
SR         0.0000000 0.0000000
LS         0.0000000 0.0000000
PPC        0.0000000 0.0000000
PS         0.0000000 0.0000000
PUI        0.0000000 0.0000000
TKR        0.0000000 0.0000000
WEI        0.0000000 0.0000000
IMG.IMG1   0.0000000 0.0000000
IMG.IMG2   0.0000000 0.0000000
IMG.IMG3   0.0000000 0.0000000
PEOU.PEOU1 0.0000000 0.0000000
PEOU.PEOU2 0.0000000 0.0000000
PEOU.PEOU3 0.0000000 0.0000000
PEOU.PEOU4 0.0000000 0.0000000
PEOU.PEOU5 0.0000000 0.0000000
PEOU.PEOU6 0.0000000 0.0000000
VIS.VIS1   0.0000000 0.0000000
VIS.VIS2   0.0000000 0.0000000
VIS.VIS3   0.0000000 0.0000000
VOI.VOI1   0.0000000 0.0000000
VOI.VOI2   0.0000000 0.0000000
VOI.VOI3   0.0000000 0.0000000
VOI.VOI4   0.0000000 0.0000000
PUA.PUA1   0.0000000 0.0000000
PUA.PUA2   0.0000000 0.0000000
PUA.PUA3   0.0000000 0.0000000
PUA.PUA4   0.0000000 0.0000000
PUA.PUA5   0.0000000 0.0000000
PUA.PUA7   0.0000000 0.0000000
PUA.PUA8   0.0000000 0.0000000
RES.RES1   0.0000000 0.0000000
RES.RES2   0.0000000 0.0000000
RES.RES3   0.0000000 0.0000000
RES.RES4   0.0000000 0.0000000
SQR.SQR1   0.0000000 0.0000000
SQR.SQR2   0.0000000 0.0000000
SQR.SQR3   0.0000000 0.0000000
SQR.SQR4   0.0000000 0.0000000
SR.SR1     0.0000000 0.0000000
SR.SR2     0.0000000 0.0000000
SR.SR3     0.0000000 0.0000000
SR.SR4     0.0000000 0.0000000
LS.LS1     0.0000000 0.0000000
LS.LS2     0.0000000 0.0000000
LS.LS3     0.0000000 0.0000000
LS.LS4     0.0000000 0.0000000
LS.LS5     0.0000000 0.0000000
LS.LS6     0.0000000 0.0000000
LS.LS7     0.0000000 0.0000000
LS.LS8     0.0000000 0.0000000
PPC.PPC1   0.0000000 0.0000000
PPC.PPC2   0.0000000 0.0000000
PPC.PPC3   0.0000000 0.0000000
PPC.PPC4   0.0000000 0.0000000
PPC.PPC5   0.0000000 0.0000000
PPC.PPC6   0.0000000 0.0000000
PS.PS1     0.0000000 0.0000000
PS.PS2     0.0000000 0.0000000
PS.PS3     0.0000000 0.0000000
PS.PS4     0.0000000 0.0000000
PS.PS5     0.0000000 0.0000000
PS.PS6     0.0000000 0.0000000
PS.PS7     0.0000000 0.0000000
PS.PS8     0.0000000 0.0000000
PS.PS9     0.0000000 0.0000000
PS.PS10    0.0000000 0.0000000
PS.PS11    0.0000000 0.0000000
PUI.PUI1   0.0000000 0.0000000
PUI.PUI2   0.0000000 0.0000000
PUI.PUI3   0.0000000 0.0000000
PUI.PUI4   0.0000000 0.0000000
PUI.PUI5   0.0000000 0.0000000
PUI.PUI6   0.0000000 0.0000000
PUI.PUI7   0.0000000 0.0000000
PUI.PUI8   0.0000000 0.0000000
TKR.TKR1   0.8417410 0.0000000
TKR.TKR2   0.8542950 0.0000000
TKR.TKR3   0.8243720 0.0000000
TKR.TKR4   0.8259072 0.0000000
WEI.WEI1   0.0000000 0.7708926
WEI.WEI2   0.0000000 0.7650741
WEI.WEI3   0.0000000 0.7797232
WEI.WEI4   0.0000000 0.7910798
WEI.WEI5   0.0000000 0.8068462
WEI.WEI6   0.0000000 0.7559421
WEI.WEI7   0.0000000 0.7848521
WEI.WEI8   0.0000000 0.8170521


outer weights
                IoIT       EoA       EoI       IMG      PEOU       VIS       VOI       PUA       RES       SQR        SR        LS       PPC        PS       PUI
IMG        0.3262200 0.0000000 0.0000000 0.0000000 0.0000000 0.0000000 0.0000000 0.0000000 0.0000000 0.0000000 0.0000000 0.0000000 0.0000000 0.0000000 0.0000000
PEOU       0.4432417 0.0000000 0.0000000 0.0000000 0.0000000 0.0000000 0.0000000 0.0000000 0.0000000 0.0000000 0.0000000 0.0000000 0.0000000 0.0000000 0.0000000
VIS        0.3085566 0.0000000 0.0000000 0.0000000 0.0000000 0.0000000 0.0000000 0.0000000 0.0000000 0.0000000 0.0000000 0.0000000 0.0000000 0.0000000 0.0000000
VOI        0.2768300 0.0000000 0.0000000 0.0000000 0.0000000 0.0000000 0.0000000 0.0000000 0.0000000 0.0000000 0.0000000 0.0000000 0.0000000 0.0000000 0.0000000
PUA        0.0000000 0.4643899 0.0000000 0.0000000 0.0000000 0.0000000 0.0000000 0.0000000 0.0000000 0.0000000 0.0000000 0.0000000 0.0000000 0.0000000 0.0000000
RES        0.0000000 0.3807815 0.0000000 0.0000000 0.0000000 0.0000000 0.0000000 0.0000000 0.0000000 0.0000000 0.0000000 0.0000000 0.0000000 0.0000000 0.0000000
SQR        0.0000000 0.3226577 0.0000000 0.0000000 0.0000000 0.0000000 0.0000000 0.0000000 0.0000000 0.0000000 0.0000000 0.0000000 0.0000000 0.0000000 0.0000000
SR         0.0000000 0.1877806 0.0000000 0.0000000 0.0000000 0.0000000 0.0000000 0.0000000 0.0000000 0.0000000 0.0000000 0.0000000 0.0000000 0.0000000 0.0000000
LS         0.0000000 0.0000000 0.2012750 0.0000000 0.0000000 0.0000000 0.0000000 0.0000000 0.0000000 0.0000000 0.0000000 0.0000000 0.0000000 0.0000000 0.0000000
PPC        0.0000000 0.0000000 0.1949193 0.0000000 0.0000000 0.0000000 0.0000000 0.0000000 0.0000000 0.0000000 0.0000000 0.0000000 0.0000000 0.0000000 0.0000000
PS         0.0000000 0.0000000 0.1976623 0.0000000 0.0000000 0.0000000 0.0000000 0.0000000 0.0000000 0.0000000 0.0000000 0.0000000 0.0000000 0.0000000 0.0000000
PUI        0.0000000 0.0000000 0.2018790 0.0000000 0.0000000 0.0000000 0.0000000 0.0000000 0.0000000 0.0000000 0.0000000 0.0000000 0.0000000 0.0000000 0.0000000
TKR        0.0000000 0.0000000 0.1604498 0.0000000 0.0000000 0.0000000 0.0000000 0.0000000 0.0000000 0.0000000 0.0000000 0.0000000 0.0000000 0.0000000 0.0000000
WEI        0.0000000 0.0000000 0.2074636 0.0000000 0.0000000 0.0000000 0.0000000 0.0000000 0.0000000 0.0000000 0.0000000 0.0000000 0.0000000 0.0000000 0.0000000
IMG.IMG1   0.0000000 0.0000000 0.0000000 0.3618451 0.0000000 0.0000000 0.0000000 0.0000000 0.0000000 0.0000000 0.0000000 0.0000000 0.0000000 0.0000000 0.0000000
IMG.IMG2   0.0000000 0.0000000 0.0000000 0.3721070 0.0000000 0.0000000 0.0000000 0.0000000 0.0000000 0.0000000 0.0000000 0.0000000 0.0000000 0.0000000 0.0000000
IMG.IMG3   0.0000000 0.0000000 0.0000000 0.3838456 0.0000000 0.0000000 0.0000000 0.0000000 0.0000000 0.0000000 0.0000000 0.0000000 0.0000000 0.0000000 0.0000000
PEOU.PEOU1 0.0000000 0.0000000 0.0000000 0.0000000 0.2288562 0.0000000 0.0000000 0.0000000 0.0000000 0.0000000 0.0000000 0.0000000 0.0000000 0.0000000 0.0000000
PEOU.PEOU2 0.0000000 0.0000000 0.0000000 0.0000000 0.2071813 0.0000000 0.0000000 0.0000000 0.0000000 0.0000000 0.0000000 0.0000000 0.0000000 0.0000000 0.0000000
PEOU.PEOU3 0.0000000 0.0000000 0.0000000 0.0000000 0.2177161 0.0000000 0.0000000 0.0000000 0.0000000 0.0000000 0.0000000 0.0000000 0.0000000 0.0000000 0.0000000
PEOU.PEOU4 0.0000000 0.0000000 0.0000000 0.0000000 0.2074342 0.0000000 0.0000000 0.0000000 0.0000000 0.0000000 0.0000000 0.0000000 0.0000000 0.0000000 0.0000000
PEOU.PEOU5 0.0000000 0.0000000 0.0000000 0.0000000 0.1792270 0.0000000 0.0000000 0.0000000 0.0000000 0.0000000 0.0000000 0.0000000 0.0000000 0.0000000 0.0000000
PEOU.PEOU6 0.0000000 0.0000000 0.0000000 0.0000000 0.2227054 0.0000000 0.0000000 0.0000000 0.0000000 0.0000000 0.0000000 0.0000000 0.0000000 0.0000000 0.0000000
VIS.VIS1   0.0000000 0.0000000 0.0000000 0.0000000 0.0000000 0.4174138 0.0000000 0.0000000 0.0000000 0.0000000 0.0000000 0.0000000 0.0000000 0.0000000 0.0000000
VIS.VIS2   0.0000000 0.0000000 0.0000000 0.0000000 0.0000000 0.3735940 0.0000000 0.0000000 0.0000000 0.0000000 0.0000000 0.0000000 0.0000000 0.0000000 0.0000000
VIS.VIS3   0.0000000 0.0000000 0.0000000 0.0000000 0.0000000 0.3791517 0.0000000 0.0000000 0.0000000 0.0000000 0.0000000 0.0000000 0.0000000 0.0000000 0.0000000
VOI.VOI1   0.0000000 0.0000000 0.0000000 0.0000000 0.0000000 0.0000000 0.4138252 0.0000000 0.0000000 0.0000000 0.0000000 0.0000000 0.0000000 0.0000000 0.0000000
VOI.VOI2   0.0000000 0.0000000 0.0000000 0.0000000 0.0000000 0.0000000 0.3941363 0.0000000 0.0000000 0.0000000 0.0000000 0.0000000 0.0000000 0.0000000 0.0000000
VOI.VOI3   0.0000000 0.0000000 0.0000000 0.0000000 0.0000000 0.0000000 0.3553723 0.0000000 0.0000000 0.0000000 0.0000000 0.0000000 0.0000000 0.0000000 0.0000000
VOI.VOI4   0.0000000 0.0000000 0.0000000 0.0000000 0.0000000 0.0000000 0.3499821 0.0000000 0.0000000 0.0000000 0.0000000 0.0000000 0.0000000 0.0000000 0.0000000
PUA.PUA1   0.0000000 0.0000000 0.0000000 0.0000000 0.0000000 0.0000000 0.0000000 0.1774276 0.0000000 0.0000000 0.0000000 0.0000000 0.0000000 0.0000000 0.0000000
PUA.PUA2   0.0000000 0.0000000 0.0000000 0.0000000 0.0000000 0.0000000 0.0000000 0.1722722 0.0000000 0.0000000 0.0000000 0.0000000 0.0000000 0.0000000 0.0000000
PUA.PUA3   0.0000000 0.0000000 0.0000000 0.0000000 0.0000000 0.0000000 0.0000000 0.1808416 0.0000000 0.0000000 0.0000000 0.0000000 0.0000000 0.0000000 0.0000000
PUA.PUA4   0.0000000 0.0000000 0.0000000 0.0000000 0.0000000 0.0000000 0.0000000 0.1707575 0.0000000 0.0000000 0.0000000 0.0000000 0.0000000 0.0000000 0.0000000
PUA.PUA5   0.0000000 0.0000000 0.0000000 0.0000000 0.0000000 0.0000000 0.0000000 0.1749820 0.0000000 0.0000000 0.0000000 0.0000000 0.0000000 0.0000000 0.0000000
PUA.PUA7   0.0000000 0.0000000 0.0000000 0.0000000 0.0000000 0.0000000 0.0000000 0.1703051 0.0000000 0.0000000 0.0000000 0.0000000 0.0000000 0.0000000 0.0000000
PUA.PUA8   0.0000000 0.0000000 0.0000000 0.0000000 0.0000000 0.0000000 0.0000000 0.1756471 0.0000000 0.0000000 0.0000000 0.0000000 0.0000000 0.0000000 0.0000000
RES.RES1   0.0000000 0.0000000 0.0000000 0.0000000 0.0000000 0.0000000 0.0000000 0.0000000 0.3776377 0.0000000 0.0000000 0.0000000 0.0000000 0.0000000 0.0000000
RES.RES2   0.0000000 0.0000000 0.0000000 0.0000000 0.0000000 0.0000000 0.0000000 0.0000000 0.4090860 0.0000000 0.0000000 0.0000000 0.0000000 0.0000000 0.0000000
RES.RES3   0.0000000 0.0000000 0.0000000 0.0000000 0.0000000 0.0000000 0.0000000 0.0000000 0.4670646 0.0000000 0.0000000 0.0000000 0.0000000 0.0000000 0.0000000
RES.RES4   0.0000000 0.0000000 0.0000000 0.0000000 0.0000000 0.0000000 0.0000000 0.0000000 0.1278752 0.0000000 0.0000000 0.0000000 0.0000000 0.0000000 0.0000000
SQR.SQR1   0.0000000 0.0000000 0.0000000 0.0000000 0.0000000 0.0000000 0.0000000 0.0000000 0.0000000 0.3736413 0.0000000 0.0000000 0.0000000 0.0000000 0.0000000
SQR.SQR2   0.0000000 0.0000000 0.0000000 0.0000000 0.0000000 0.0000000 0.0000000 0.0000000 0.0000000 0.3643851 0.0000000 0.0000000 0.0000000 0.0000000 0.0000000
SQR.SQR3   0.0000000 0.0000000 0.0000000 0.0000000 0.0000000 0.0000000 0.0000000 0.0000000 0.0000000 0.3704121 0.0000000 0.0000000 0.0000000 0.0000000 0.0000000
SQR.SQR4   0.0000000 0.0000000 0.0000000 0.0000000 0.0000000 0.0000000 0.0000000 0.0000000 0.0000000 0.2028617 0.0000000 0.0000000 0.0000000 0.0000000 0.0000000
SR.SR1     0.0000000 0.0000000 0.0000000 0.0000000 0.0000000 0.0000000 0.0000000 0.0000000 0.0000000 0.0000000 0.3013117 0.0000000 0.0000000 0.0000000 0.0000000
SR.SR2     0.0000000 0.0000000 0.0000000 0.0000000 0.0000000 0.0000000 0.0000000 0.0000000 0.0000000 0.0000000 0.2622231 0.0000000 0.0000000 0.0000000 0.0000000
SR.SR3     0.0000000 0.0000000 0.0000000 0.0000000 0.0000000 0.0000000 0.0000000 0.0000000 0.0000000 0.0000000 0.2768311 0.0000000 0.0000000 0.0000000 0.0000000
SR.SR4     0.0000000 0.0000000 0.0000000 0.0000000 0.0000000 0.0000000 0.0000000 0.0000000 0.0000000 0.0000000 0.2778011 0.0000000 0.0000000 0.0000000 0.0000000
LS.LS1     0.0000000 0.0000000 0.0000000 0.0000000 0.0000000 0.0000000 0.0000000 0.0000000 0.0000000 0.0000000 0.0000000 0.1680312 0.0000000 0.0000000 0.0000000
LS.LS2     0.0000000 0.0000000 0.0000000 0.0000000 0.0000000 0.0000000 0.0000000 0.0000000 0.0000000 0.0000000 0.0000000 0.1515577 0.0000000 0.0000000 0.0000000
LS.LS3     0.0000000 0.0000000 0.0000000 0.0000000 0.0000000 0.0000000 0.0000000 0.0000000 0.0000000 0.0000000 0.0000000 0.1528806 0.0000000 0.0000000 0.0000000
LS.LS4     0.0000000 0.0000000 0.0000000 0.0000000 0.0000000 0.0000000 0.0000000 0.0000000 0.0000000 0.0000000 0.0000000 0.1625062 0.0000000 0.0000000 0.0000000
LS.LS5     0.0000000 0.0000000 0.0000000 0.0000000 0.0000000 0.0000000 0.0000000 0.0000000 0.0000000 0.0000000 0.0000000 0.1698241 0.0000000 0.0000000 0.0000000
LS.LS6     0.0000000 0.0000000 0.0000000 0.0000000 0.0000000 0.0000000 0.0000000 0.0000000 0.0000000 0.0000000 0.0000000 0.1782732 0.0000000 0.0000000 0.0000000
LS.LS7     0.0000000 0.0000000 0.0000000 0.0000000 0.0000000 0.0000000 0.0000000 0.0000000 0.0000000 0.0000000 0.0000000 0.1584325 0.0000000 0.0000000 0.0000000
LS.LS8     0.0000000 0.0000000 0.0000000 0.0000000 0.0000000 0.0000000 0.0000000 0.0000000 0.0000000 0.0000000 0.0000000 0.1642376 0.0000000 0.0000000 0.0000000
PPC.PPC1   0.0000000 0.0000000 0.0000000 0.0000000 0.0000000 0.0000000 0.0000000 0.0000000 0.0000000 0.0000000 0.0000000 0.0000000 0.2283734 0.0000000 0.0000000
PPC.PPC2   0.0000000 0.0000000 0.0000000 0.0000000 0.0000000 0.0000000 0.0000000 0.0000000 0.0000000 0.0000000 0.0000000 0.0000000 0.1856074 0.0000000 0.0000000
PPC.PPC3   0.0000000 0.0000000 0.0000000 0.0000000 0.0000000 0.0000000 0.0000000 0.0000000 0.0000000 0.0000000 0.0000000 0.0000000 0.2107201 0.0000000 0.0000000
PPC.PPC4   0.0000000 0.0000000 0.0000000 0.0000000 0.0000000 0.0000000 0.0000000 0.0000000 0.0000000 0.0000000 0.0000000 0.0000000 0.2235340 0.0000000 0.0000000
PPC.PPC5   0.0000000 0.0000000 0.0000000 0.0000000 0.0000000 0.0000000 0.0000000 0.0000000 0.0000000 0.0000000 0.0000000 0.0000000 0.2131775 0.0000000 0.0000000
PPC.PPC6   0.0000000 0.0000000 0.0000000 0.0000000 0.0000000 0.0000000 0.0000000 0.0000000 0.0000000 0.0000000 0.0000000 0.0000000 0.2239791 0.0000000 0.0000000
PS.PS1     0.0000000 0.0000000 0.0000000 0.0000000 0.0000000 0.0000000 0.0000000 0.0000000 0.0000000 0.0000000 0.0000000 0.0000000 0.0000000 0.1203615 0.0000000
PS.PS2     0.0000000 0.0000000 0.0000000 0.0000000 0.0000000 0.0000000 0.0000000 0.0000000 0.0000000 0.0000000 0.0000000 0.0000000 0.0000000 0.1183814 0.0000000
PS.PS3     0.0000000 0.0000000 0.0000000 0.0000000 0.0000000 0.0000000 0.0000000 0.0000000 0.0000000 0.0000000 0.0000000 0.0000000 0.0000000 0.1172204 0.0000000
PS.PS4     0.0000000 0.0000000 0.0000000 0.0000000 0.0000000 0.0000000 0.0000000 0.0000000 0.0000000 0.0000000 0.0000000 0.0000000 0.0000000 0.1078942 0.0000000
PS.PS5     0.0000000 0.0000000 0.0000000 0.0000000 0.0000000 0.0000000 0.0000000 0.0000000 0.0000000 0.0000000 0.0000000 0.0000000 0.0000000 0.1097543 0.0000000
PS.PS6     0.0000000 0.0000000 0.0000000 0.0000000 0.0000000 0.0000000 0.0000000 0.0000000 0.0000000 0.0000000 0.0000000 0.0000000 0.0000000 0.1154333 0.0000000
PS.PS7     0.0000000 0.0000000 0.0000000 0.0000000 0.0000000 0.0000000 0.0000000 0.0000000 0.0000000 0.0000000 0.0000000 0.0000000 0.0000000 0.1148403 0.0000000
PS.PS8     0.0000000 0.0000000 0.0000000 0.0000000 0.0000000 0.0000000 0.0000000 0.0000000 0.0000000 0.0000000 0.0000000 0.0000000 0.0000000 0.1068139 0.0000000
PS.PS9     0.0000000 0.0000000 0.0000000 0.0000000 0.0000000 0.0000000 0.0000000 0.0000000 0.0000000 0.0000000 0.0000000 0.0000000 0.0000000 0.1175746 0.0000000
PS.PS10    0.0000000 0.0000000 0.0000000 0.0000000 0.0000000 0.0000000 0.0000000 0.0000000 0.0000000 0.0000000 0.0000000 0.0000000 0.0000000 0.1091791 0.0000000
PS.PS11    0.0000000 0.0000000 0.0000000 0.0000000 0.0000000 0.0000000 0.0000000 0.0000000 0.0000000 0.0000000 0.0000000 0.0000000 0.0000000 0.1128775 0.0000000
PUI.PUI1   0.0000000 0.0000000 0.0000000 0.0000000 0.0000000 0.0000000 0.0000000 0.0000000 0.0000000 0.0000000 0.0000000 0.0000000 0.0000000 0.0000000 0.1719707
PUI.PUI2   0.0000000 0.0000000 0.0000000 0.0000000 0.0000000 0.0000000 0.0000000 0.0000000 0.0000000 0.0000000 0.0000000 0.0000000 0.0000000 0.0000000 0.1610619
PUI.PUI3   0.0000000 0.0000000 0.0000000 0.0000000 0.0000000 0.0000000 0.0000000 0.0000000 0.0000000 0.0000000 0.0000000 0.0000000 0.0000000 0.0000000 0.1629008
PUI.PUI4   0.0000000 0.0000000 0.0000000 0.0000000 0.0000000 0.0000000 0.0000000 0.0000000 0.0000000 0.0000000 0.0000000 0.0000000 0.0000000 0.0000000 0.1571133
PUI.PUI5   0.0000000 0.0000000 0.0000000 0.0000000 0.0000000 0.0000000 0.0000000 0.0000000 0.0000000 0.0000000 0.0000000 0.0000000 0.0000000 0.0000000 0.1670887
PUI.PUI6   0.0000000 0.0000000 0.0000000 0.0000000 0.0000000 0.0000000 0.0000000 0.0000000 0.0000000 0.0000000 0.0000000 0.0000000 0.0000000 0.0000000 0.1041001
PUI.PUI7   0.0000000 0.0000000 0.0000000 0.0000000 0.0000000 0.0000000 0.0000000 0.0000000 0.0000000 0.0000000 0.0000000 0.0000000 0.0000000 0.0000000 0.1680671
PUI.PUI8   0.0000000 0.0000000 0.0000000 0.0000000 0.0000000 0.0000000 0.0000000 0.0000000 0.0000000 0.0000000 0.0000000 0.0000000 0.0000000 0.0000000 0.1556785
TKR.TKR1   0.0000000 0.0000000 0.0000000 0.0000000 0.0000000 0.0000000 0.0000000 0.0000000 0.0000000 0.0000000 0.0000000 0.0000000 0.0000000 0.0000000 0.0000000
TKR.TKR2   0.0000000 0.0000000 0.0000000 0.0000000 0.0000000 0.0000000 0.0000000 0.0000000 0.0000000 0.0000000 0.0000000 0.0000000 0.0000000 0.0000000 0.0000000
TKR.TKR3   0.0000000 0.0000000 0.0000000 0.0000000 0.0000000 0.0000000 0.0000000 0.0000000 0.0000000 0.0000000 0.0000000 0.0000000 0.0000000 0.0000000 0.0000000
TKR.TKR4   0.0000000 0.0000000 0.0000000 0.0000000 0.0000000 0.0000000 0.0000000 0.0000000 0.0000000 0.0000000 0.0000000 0.0000000 0.0000000 0.0000000 0.0000000
WEI.WEI1   0.0000000 0.0000000 0.0000000 0.0000000 0.0000000 0.0000000 0.0000000 0.0000000 0.0000000 0.0000000 0.0000000 0.0000000 0.0000000 0.0000000 0.0000000
WEI.WEI2   0.0000000 0.0000000 0.0000000 0.0000000 0.0000000 0.0000000 0.0000000 0.0000000 0.0000000 0.0000000 0.0000000 0.0000000 0.0000000 0.0000000 0.0000000
WEI.WEI3   0.0000000 0.0000000 0.0000000 0.0000000 0.0000000 0.0000000 0.0000000 0.0000000 0.0000000 0.0000000 0.0000000 0.0000000 0.0000000 0.0000000 0.0000000
WEI.WEI4   0.0000000 0.0000000 0.0000000 0.0000000 0.0000000 0.0000000 0.0000000 0.0000000 0.0000000 0.0000000 0.0000000 0.0000000 0.0000000 0.0000000 0.0000000
WEI.WEI5   0.0000000 0.0000000 0.0000000 0.0000000 0.0000000 0.0000000 0.0000000 0.0000000 0.0000000 0.0000000 0.0000000 0.0000000 0.0000000 0.0000000 0.0000000
WEI.WEI6   0.0000000 0.0000000 0.0000000 0.0000000 0.0000000 0.0000000 0.0000000 0.0000000 0.0000000 0.0000000 0.0000000 0.0000000 0.0000000 0.0000000 0.0000000
WEI.WEI7   0.0000000 0.0000000 0.0000000 0.0000000 0.0000000 0.0000000 0.0000000 0.0000000 0.0000000 0.0000000 0.0000000 0.0000000 0.0000000 0.0000000 0.0000000
WEI.WEI8   0.0000000 0.0000000 0.0000000 0.0000000 0.0000000 0.0000000 0.0000000 0.0000000 0.0000000 0.0000000 0.0000000 0.0000000 0.0000000 0.0000000 0.0000000
                 TKR       WEI
IMG        0.0000000 0.0000000
PEOU       0.0000000 0.0000000
VIS        0.0000000 0.0000000
VOI        0.0000000 0.0000000
PUA        0.0000000 0.0000000
RES        0.0000000 0.0000000
SQR        0.0000000 0.0000000
SR         0.0000000 0.0000000
LS         0.0000000 0.0000000
PPC        0.0000000 0.0000000
PS         0.0000000 0.0000000
PUI        0.0000000 0.0000000
TKR        0.0000000 0.0000000
WEI        0.0000000 0.0000000
IMG.IMG1   0.0000000 0.0000000
IMG.IMG2   0.0000000 0.0000000
IMG.IMG3   0.0000000 0.0000000
PEOU.PEOU1 0.0000000 0.0000000
PEOU.PEOU2 0.0000000 0.0000000
PEOU.PEOU3 0.0000000 0.0000000
PEOU.PEOU4 0.0000000 0.0000000
PEOU.PEOU5 0.0000000 0.0000000
PEOU.PEOU6 0.0000000 0.0000000
VIS.VIS1   0.0000000 0.0000000
VIS.VIS2   0.0000000 0.0000000
VIS.VIS3   0.0000000 0.0000000
VOI.VOI1   0.0000000 0.0000000
VOI.VOI2   0.0000000 0.0000000
VOI.VOI3   0.0000000 0.0000000
VOI.VOI4   0.0000000 0.0000000
PUA.PUA1   0.0000000 0.0000000
PUA.PUA2   0.0000000 0.0000000
PUA.PUA3   0.0000000 0.0000000
PUA.PUA4   0.0000000 0.0000000
PUA.PUA5   0.0000000 0.0000000
PUA.PUA7   0.0000000 0.0000000
PUA.PUA8   0.0000000 0.0000000
RES.RES1   0.0000000 0.0000000
RES.RES2   0.0000000 0.0000000
RES.RES3   0.0000000 0.0000000
RES.RES4   0.0000000 0.0000000
SQR.SQR1   0.0000000 0.0000000
SQR.SQR2   0.0000000 0.0000000
SQR.SQR3   0.0000000 0.0000000
SQR.SQR4   0.0000000 0.0000000
SR.SR1     0.0000000 0.0000000
SR.SR2     0.0000000 0.0000000
SR.SR3     0.0000000 0.0000000
SR.SR4     0.0000000 0.0000000
LS.LS1     0.0000000 0.0000000
LS.LS2     0.0000000 0.0000000
LS.LS3     0.0000000 0.0000000
LS.LS4     0.0000000 0.0000000
LS.LS5     0.0000000 0.0000000
LS.LS6     0.0000000 0.0000000
LS.LS7     0.0000000 0.0000000
LS.LS8     0.0000000 0.0000000
PPC.PPC1   0.0000000 0.0000000
PPC.PPC2   0.0000000 0.0000000
PPC.PPC3   0.0000000 0.0000000
PPC.PPC4   0.0000000 0.0000000
PPC.PPC5   0.0000000 0.0000000
PPC.PPC6   0.0000000 0.0000000
PS.PS1     0.0000000 0.0000000
PS.PS2     0.0000000 0.0000000
PS.PS3     0.0000000 0.0000000
PS.PS4     0.0000000 0.0000000
PS.PS5     0.0000000 0.0000000
PS.PS6     0.0000000 0.0000000
PS.PS7     0.0000000 0.0000000
PS.PS8     0.0000000 0.0000000
PS.PS9     0.0000000 0.0000000
PS.PS10    0.0000000 0.0000000
PS.PS11    0.0000000 0.0000000
PUI.PUI1   0.0000000 0.0000000
PUI.PUI2   0.0000000 0.0000000
PUI.PUI3   0.0000000 0.0000000
PUI.PUI4   0.0000000 0.0000000
PUI.PUI5   0.0000000 0.0000000
PUI.PUI6   0.0000000 0.0000000
PUI.PUI7   0.0000000 0.0000000
PUI.PUI8   0.0000000 0.0000000
TKR.TKR1   0.2844803 0.0000000
TKR.TKR2   0.2977570 0.0000000
TKR.TKR3   0.3045763 0.0000000
TKR.TKR4   0.3088540 0.0000000
WEI.WEI1   0.0000000 0.1540974
WEI.WEI2   0.0000000 0.1595554
WEI.WEI3   0.0000000 0.1599585
WEI.WEI4   0.0000000 0.1578684
WEI.WEI5   0.0000000 0.1691639
WEI.WEI6   0.0000000 0.1479864
WEI.WEI7   0.0000000 0.1614108
WEI.WEI8   0.0000000 0.1645966


path coef
     IoIT       EoA       EoI
IoIT    0 0.7511617 0.2904735
EoA     0 0.0000000 0.6463360
EoI     0 0.0000000 0.0000000
