            IoIT   EoA   EoI    IMG  PEOU   VIS   VOI   PUA   RES   SQR     SR    LS   PPC    PS   PUI   TKR   WEI
IMG        0.737 0.000 0.000  0.000 0.000 0.000 0.000 0.000 0.000 0.000  0.000 0.000 0.000 0.000 0.000 0.000 0.000
PEOU       0.778 0.000 0.000  0.000 0.000 0.000 0.000 0.000 0.000 0.000  0.000 0.000 0.000 0.000 0.000 0.000 0.000
VIS        0.732 0.000 0.000  0.000 0.000 0.000 0.000 0.000 0.000 0.000  0.000 0.000 0.000 0.000 0.000 0.000 0.000
VOI        0.682 0.000 0.000  0.000 0.000 0.000 0.000 0.000 0.000 0.000  0.000 0.000 0.000 0.000 0.000 0.000 0.000
PUA        0.000 0.849 0.000  0.000 0.000 0.000 0.000 0.000 0.000 0.000  0.000 0.000 0.000 0.000 0.000 0.000 0.000
RES        0.000 0.784 0.000  0.000 0.000 0.000 0.000 0.000 0.000 0.000  0.000 0.000 0.000 0.000 0.000 0.000 0.000
SQR        0.000 0.724 0.000  0.000 0.000 0.000 0.000 0.000 0.000 0.000  0.000 0.000 0.000 0.000 0.000 0.000 0.000
SR         0.000 0.433 0.000  0.000 0.000 0.000 0.000 0.000 0.000 0.000  0.000 0.000 0.000 0.000 0.000 0.000 0.000
LS         0.000 0.000 0.896  0.000 0.000 0.000 0.000 0.000 0.000 0.000  0.000 0.000 0.000 0.000 0.000 0.000 0.000
PPC        0.000 0.000 0.871  0.000 0.000 0.000 0.000 0.000 0.000 0.000  0.000 0.000 0.000 0.000 0.000 0.000 0.000
PS         0.000 0.000 0.888  0.000 0.000 0.000 0.000 0.000 0.000 0.000  0.000 0.000 0.000 0.000 0.000 0.000 0.000
PUI        0.000 0.000 0.912  0.000 0.000 0.000 0.000 0.000 0.000 0.000  0.000 0.000 0.000 0.000 0.000 0.000 0.000
TKR        0.000 0.000 0.650  0.000 0.000 0.000 0.000 0.000 0.000 0.000  0.000 0.000 0.000 0.000 0.000 0.000 0.000
WEI        0.000 0.000 0.898  0.000 0.000 0.000 0.000 0.000 0.000 0.000  0.000 0.000 0.000 0.000 0.000 0.000 0.000
IMG.IMG1   0.000 0.000 0.000  0.895 0.000 0.000 0.000 0.000 0.000 0.000  0.000 0.000 0.000 0.000 0.000 0.000 0.000
IMG.IMG2   0.000 0.000 0.000  0.900 0.000 0.000 0.000 0.000 0.000 0.000  0.000 0.000 0.000 0.000 0.000 0.000 0.000
IMG.IMG3   0.000 0.000 0.000  0.889 0.000 0.000 0.000 0.000 0.000 0.000  0.000 0.000 0.000 0.000 0.000 0.000 0.000
PEOU.PEOU1 0.000 0.000 0.000  0.000 0.779 0.000 0.000 0.000 0.000 0.000  0.000 0.000 0.000 0.000 0.000 0.000 0.000
PEOU.PEOU2 0.000 0.000 0.000  0.000 0.800 0.000 0.000 0.000 0.000 0.000 -0.000 0.000 0.000 0.000 0.000 0.000 0.000
PEOU.PEOU3 0.000 0.000 0.000  0.000 0.831 0.000 0.000 0.000 0.000 0.000  0.000 0.000 0.000 0.000 0.000 0.000 0.000
PEOU.PEOU4 0.000 0.000 0.000  0.000 0.822 0.000 0.000 0.000 0.000 0.000  0.000 0.000 0.000 0.000 0.000 0.000 0.000
PEOU.PEOU5 0.000 0.000 0.000  0.000 0.707 0.000 0.000 0.000 0.000 0.000  0.000 0.000 0.000 0.000 0.000 0.000 0.000
PEOU.PEOU6 0.000 0.000 0.000  0.000 0.798 0.000 0.000 0.000 0.000 0.000  0.000 0.000 0.000 0.000 0.000 0.000 0.000
VIS.VIS1   0.000 0.000 0.000  0.000 0.000 0.849 0.000 0.000 0.000 0.000  0.000 0.000 0.000 0.000 0.000 0.000 0.000
VIS.VIS2   0.000 0.000 0.000  0.000 0.000 0.852 0.000 0.000 0.000 0.000  0.000 0.000 0.000 0.000 0.000 0.000 0.000
VIS.VIS3   0.000 0.000 0.000  0.000 0.000 0.863 0.000 0.000 0.000 0.000  0.000 0.000 0.000 0.000 0.000 0.000 0.000
VOI.VOI1   0.000 0.000 0.000  0.000 0.000 0.000 0.853 0.000 0.000 0.000  0.000 0.000 0.000 0.000 0.000 0.000 0.000
VOI.VOI2   0.000 0.000 0.000  0.000 0.000 0.000 0.833 0.000 0.000 0.000  0.000 0.000 0.000 0.000 0.000 0.000 0.000
VOI.VOI3   0.000 0.000 0.000  0.000 0.000 0.000 0.820 0.000 0.000 0.000  0.000 0.000 0.000 0.000 0.000 0.000 0.000
VOI.VOI4   0.000 0.000 0.000 -0.000 0.000 0.000 0.078 0.000 0.000 0.000 -0.000 0.000 0.000 0.000 0.000 0.000 0.000
PUA.PUA1   0.000 0.000 0.000  0.000 0.000 0.000 0.000 0.843 0.000 0.000  0.000 0.000 0.000 0.000 0.000 0.000 0.000
PUA.PUA2   0.000 0.000 0.000  0.000 0.000 0.000 0.000 0.819 0.000 0.000  0.000 0.000 0.000 0.000 0.000 0.000 0.000
PUA.PUA3   0.000 0.000 0.000  0.000 0.000 0.000 0.000 0.807 0.000 0.000  0.000 0.000 0.000 0.000 0.000 0.000 0.000
PUA.PUA4   0.000 0.000 0.000  0.000 0.000 0.000 0.000 0.795 0.000 0.000 -0.000 0.000 0.000 0.000 0.000 0.000 0.000
PUA.PUA5   0.000 0.000 0.000  0.000 0.000 0.000 0.000 0.805 0.000 0.000  0.000 0.000 0.000 0.000 0.000 0.000 0.000
PUA.PUA6   0.000 0.000 0.000  0.000 0.000 0.000 0.000 0.556 0.000 0.000  0.000 0.000 0.000 0.000 0.000 0.000 0.000
PUA.PUA7   0.000 0.000 0.000  0.000 0.000 0.000 0.000 0.788 0.000 0.000  0.000 0.000 0.000 0.000 0.000 0.000 0.000
PUA.PUA8   0.000 0.000 0.000  0.000 0.000 0.000 0.000 0.829 0.000 0.000  0.000 0.000 0.000 0.000 0.000 0.000 0.000
RES.RES1   0.000 0.000 0.000  0.000 0.000 0.000 0.000 0.000 0.725 0.000  0.000 0.000 0.000 0.000 0.000 0.000 0.000
RES.RES2   0.000 0.000 0.000  0.000 0.000 0.000 0.000 0.000 0.799 0.000  0.000 0.000 0.000 0.000 0.000 0.000 0.000
RES.RES3   0.000 0.000 0.000  0.000 0.000 0.000 0.000 0.000 0.807 0.000 -0.000 0.000 0.000 0.000 0.000 0.000 0.000
RES.RES4   0.000 0.000 0.000  0.000 0.000 0.000 0.000 0.000 0.176 0.000  0.000 0.000 0.000 0.000 0.000 0.000 0.000
SQR.SQR1   0.000 0.000 0.000  0.000 0.000 0.000 0.000 0.000 0.000 0.831  0.000 0.000 0.000 0.000 0.000 0.000 0.000
SQR.SQR2   0.000 0.000 0.000  0.000 0.000 0.000 0.000 0.000 0.000 0.838  0.000 0.000 0.000 0.000 0.000 0.000 0.000
SQR.SQR3   0.000 0.000 0.000  0.000 0.000 0.000 0.000 0.000 0.000 0.806  0.000 0.000 0.000 0.000 0.000 0.000 0.000
SQR.SQR4   0.000 0.000 0.000  0.000 0.000 0.000 0.000 0.000 0.000 0.423  0.000 0.000 0.000 0.000 0.000 0.000 0.000
SR.SR1     0.000 0.000 0.000  0.000 0.000 0.000 0.000 0.000 0.000 0.000  0.902 0.000 0.000 0.000 0.000 0.000 0.000
SR.SR2     0.000 0.000 0.000  0.000 0.000 0.000 0.000 0.000 0.000 0.000  0.868 0.000 0.000 0.000 0.000 0.000 0.000
SR.SR3     0.000 0.000 0.000  0.000 0.000 0.000 0.000 0.000 0.000 0.000  0.906 0.000 0.000 0.000 0.000 0.000 0.000
SR.SR4     0.000 0.000 0.000  0.000 0.000 0.000 0.000 0.000 0.000 0.000  0.900 0.000 0.000 0.000 0.000 0.000 0.000
LS.LS1     0.000 0.000 0.000  0.000 0.000 0.000 0.000 0.000 0.000 0.000  0.000 0.736 0.000 0.000 0.000 0.000 0.000
LS.LS2     0.000 0.000 0.000  0.000 0.000 0.000 0.000 0.000 0.000 0.000  0.000 0.715 0.000 0.000 0.000 0.000 0.000
LS.LS3     0.000 0.000 0.000  0.000 0.000 0.000 0.000 0.000 0.000 0.000  0.000 0.747 0.000 0.000 0.000 0.000 0.000
LS.LS4     0.000 0.000 0.000  0.000 0.000 0.000 0.000 0.000 0.000 0.000  0.000 0.793 0.000 0.000 0.000 0.000 0.000
LS.LS5     0.000 0.000 0.000  0.000 0.000 0.000 0.000 0.000 0.000 0.000  0.000 0.781 0.000 0.000 0.000 0.000 0.000
LS.LS6     0.000 0.000 0.000  0.000 0.000 0.000 0.000 0.000 0.000 0.000  0.000 0.797 0.000 0.000 0.000 0.000 0.000
LS.LS7     0.000 0.000 0.000  0.000 0.000 0.000 0.000 0.000 0.000 0.000  0.000 0.744 0.000 0.000 0.000 0.000 0.000
LS.LS8     0.000 0.000 0.000  0.000 0.000 0.000 0.000 0.000 0.000 0.000  0.000 0.806 0.000 0.000 0.000 0.000 0.000
PPC.PPC1   0.000 0.000 0.000  0.000 0.000 0.000 0.000 0.000 0.000 0.000  0.000 0.000 0.812 0.000 0.000 0.000 0.000
PPC.PPC2   0.000 0.000 0.000  0.000 0.000 0.000 0.000 0.000 0.000 0.000  0.000 0.000 0.717 0.000 0.000 0.000 0.000
PPC.PPC3   0.000 0.000 0.000  0.000 0.000 0.000 0.000 0.000 0.000 0.000  0.000 0.000 0.759 0.000 0.000 0.000 0.000
PPC.PPC4   0.000 0.000 0.000  0.000 0.000 0.000 0.000 0.000 0.000 0.000  0.000 0.000 0.816 0.000 0.000 0.000 0.000
PPC.PPC5   0.000 0.000 0.000  0.000 0.000 0.000 0.000 0.000 0.000 0.000  0.000 0.000 0.742 0.000 0.000 0.000 0.000
PPC.PPC6   0.000 0.000 0.000  0.000 0.000 0.000 0.000 0.000 0.000 0.000  0.000 0.000 0.808 0.000 0.000 0.000 0.000
PS.PS1     0.000 0.000 0.000  0.000 0.000 0.000 0.000 0.000 0.000 0.000  0.000 0.000 0.000 0.830 0.000 0.000 0.000
PS.PS2     0.000 0.000 0.000  0.000 0.000 0.000 0.000 0.000 0.000 0.000  0.000 0.000 0.000 0.821 0.000 0.000 0.000
PS.PS3     0.000 0.000 0.000  0.000 0.000 0.000 0.000 0.000 0.000 0.000  0.000 0.000 0.000 0.834 0.000 0.000 0.000
PS.PS4     0.000 0.000 0.000  0.000 0.000 0.000 0.000 0.000 0.000 0.000  0.000 0.000 0.000 0.783 0.000 0.000 0.000
PS.PS5     0.000 0.000 0.000  0.000 0.000 0.000 0.000 0.000 0.000 0.000  0.000 0.000 0.000 0.784 0.000 0.000 0.000
PS.PS6     0.000 0.000 0.000  0.000 0.000 0.000 0.000 0.000 0.000 0.000  0.000 0.000 0.000 0.786 0.000 0.000 0.000
PS.PS7     0.000 0.000 0.000  0.000 0.000 0.000 0.000 0.000 0.000 0.000  0.000 0.000 0.000 0.813 0.000 0.000 0.000
PS.PS8     0.000 0.000 0.000  0.000 0.000 0.000 0.000 0.000 0.000 0.000  0.000 0.000 0.000 0.779 0.000 0.000 0.000
PS.PS9     0.000 0.000 0.000  0.000 0.000 0.000 0.000 0.000 0.000 0.000  0.000 0.000 0.000 0.812 0.000 0.000 0.000
PS.PS10    0.000 0.000 0.000  0.000 0.000 0.000 0.000 0.000 0.000 0.000  0.000 0.000 0.000 0.762 0.000 0.000 0.000
PS.PS11    0.000 0.000 0.000  0.000 0.000 0.000 0.000 0.000 0.000 0.000  0.000 0.000 0.000 0.785 0.000 0.000 0.000
PUI.PUI1   0.000 0.000 0.000  0.000 0.000 0.000 0.000 0.000 0.000 0.000  0.000 0.000 0.000 0.000 0.839 0.000 0.000
PUI.PUI2   0.000 0.000 0.000  0.000 0.000 0.000 0.000 0.000 0.000 0.000  0.000 0.000 0.000 0.000 0.833 0.000 0.000
PUI.PUI3   0.000 0.000 0.000  0.000 0.000 0.000 0.000 0.000 0.000 0.000  0.000 0.000 0.000 0.000 0.834 0.000 0.000
PUI.PUI4   0.000 0.000 0.000  0.000 0.000 0.000 0.000 0.000 0.000 0.000 -0.000 0.000 0.000 0.000 0.787 0.000 0.000
PUI.PUI5   0.000 0.000 0.000  0.000 0.000 0.000 0.000 0.000 0.000 0.000  0.000 0.000 0.000 0.000 0.833 0.000 0.000
PUI.PUI6   0.000 0.000 0.000  0.000 0.000 0.000 0.000 0.000 0.000 0.000  0.000 0.000 0.000 0.000 0.556 0.000 0.000
PUI.PUI7   0.000 0.000 0.000  0.000 0.000 0.000 0.000 0.000 0.000 0.000  0.000 0.000 0.000 0.000 0.831 0.000 0.000
PUI.PUI8   0.000 0.000 0.000  0.000 0.000 0.000 0.000 0.000 0.000 0.000  0.000 0.000 0.000 0.000 0.804 0.000 0.000
TKR.TKR1   0.000 0.000 0.000  0.000 0.000 0.000 0.000 0.000 0.000 0.000  0.000 0.000 0.000 0.000 0.000 0.841 0.000
TKR.TKR2   0.000 0.000 0.000  0.000 0.000 0.000 0.000 0.000 0.000 0.000  0.000 0.000 0.000 0.000 0.000 0.854 0.000
TKR.TKR3   0.000 0.000 0.000  0.000 0.000 0.000 0.000 0.000 0.000 0.000  0.000 0.000 0.000 0.000 0.000 0.825 0.000
TKR.TKR4   0.000 0.000 0.000  0.000 0.000 0.000 0.000 0.000 0.000 0.000  0.000 0.000 0.000 0.000 0.000 0.826 0.000
WEI.WEI1   0.000 0.000 0.000  0.000 0.000 0.000 0.000 0.000 0.000 0.000  0.000 0.000 0.000 0.000 0.000 0.000 0.771
WEI.WEI2   0.000 0.000 0.000  0.000 0.000 0.000 0.000 0.000 0.000 0.000  0.000 0.000 0.000 0.000 0.000 0.000 0.765
WEI.WEI3   0.000 0.000 0.000  0.000 0.000 0.000 0.000 0.000 0.000 0.000  0.000 0.000 0.000 0.000 0.000 0.000 0.779
WEI.WEI4   0.000 0.000 0.000  0.000 0.000 0.000 0.000 0.000 0.000 0.000  0.000 0.000 0.000 0.000 0.000 0.000 0.791
WEI.WEI5   0.000 0.000 0.000  0.000 0.000 0.000 0.000 0.000 0.000 0.000  0.000 0.000 0.000 0.000 0.000 0.000 0.807
WEI.WEI6   0.000 0.000 0.000  0.000 0.000 0.000 0.000 0.000 0.000 0.000  0.000 0.000 0.000 0.000 0.000 0.000 0.756
WEI.WEI7   0.000 0.000 0.000  0.000 0.000 0.000 0.000 0.000 0.000 0.000  0.000 0.000 0.000 0.000 0.000 0.000 0.785
WEI.WEI8   0.000 0.000 0.000  0.000 0.000 0.000 0.000 0.000 0.000 0.000  0.000 0.000 0.000 0.000 0.000 0.000 0.817
