            IoIT   EoA   EoI   IMG  PEOU   VIS   VOI   PUA   RES   SQR    SR    LS   PPC    PS   PUI   TKR   WEI
IMG        0.543 0.000 0.000 0.000 0.000 0.000 0.000 0.000 0.000 0.000 0.000 0.000 0.000 0.000 0.000 0.000 0.000
PEOU       0.605 0.000 0.000 0.000 0.000 0.000 0.000 0.000 0.000 0.000 0.000 0.000 0.000 0.000 0.000 0.000 0.000
VIS        0.536 0.000 0.000 0.000 0.000 0.000 0.000 0.000 0.000 0.000 0.000 0.000 0.000 0.000 0.000 0.000 0.000
VOI        0.465 0.000 0.000 0.000 0.000 0.000 0.000 0.000 0.000 0.000 0.000 0.000 0.000 0.000 0.000 0.000 0.000
PUA        0.000 0.720 0.000 0.000 0.000 0.000 0.000 0.000 0.000 0.000 0.000 0.000 0.000 0.000 0.000 0.000 0.000
RES        0.000 0.615 0.000 0.000 0.000 0.000 0.000 0.000 0.000 0.000 0.000 0.000 0.000 0.000 0.000 0.000 0.000
SQR        0.000 0.525 0.000 0.000 0.000 0.000 0.000 0.000 0.000 0.000 0.000 0.000 0.000 0.000 0.000 0.000 0.000
SR         0.000 0.188 0.000 0.000 0.000 0.000 0.000 0.000 0.000 0.000 0.000 0.000 0.000 0.000 0.000 0.000 0.000
LS         0.000 0.000 0.802 0.000 0.000 0.000 0.000 0.000 0.000 0.000 0.000 0.000 0.000 0.000 0.000 0.000 0.000
PPC        0.000 0.000 0.759 0.000 0.000 0.000 0.000 0.000 0.000 0.000 0.000 0.000 0.000 0.000 0.000 0.000 0.000
PS         0.000 0.000 0.788 0.000 0.000 0.000 0.000 0.000 0.000 0.000 0.000 0.000 0.000 0.000 0.000 0.000 0.000
PUI        0.000 0.000 0.831 0.000 0.000 0.000 0.000 0.000 0.000 0.000 0.000 0.000 0.000 0.000 0.000 0.000 0.000
TKR        0.000 0.000 0.422 0.000 0.000 0.000 0.000 0.000 0.000 0.000 0.000 0.000 0.000 0.000 0.000 0.000 0.000
WEI        0.000 0.000 0.806 0.000 0.000 0.000 0.000 0.000 0.000 0.000 0.000 0.000 0.000 0.000 0.000 0.000 0.000
IMG.IMG1   0.000 0.000 0.000 0.801 0.000 0.000 0.000 0.000 0.000 0.000 0.000 0.000 0.000 0.000 0.000 0.000 0.000
IMG.IMG2   0.000 0.000 0.000 0.810 0.000 0.000 0.000 0.000 0.000 0.000 0.000 0.000 0.000 0.000 0.000 0.000 0.000
IMG.IMG3   0.000 0.000 0.000 0.790 0.000 0.000 0.000 0.000 0.000 0.000 0.000 0.000 0.000 0.000 0.000 0.000 0.000
PEOU.PEOU1 0.000 0.000 0.000 0.000 0.607 0.000 0.000 0.000 0.000 0.000 0.000 0.000 0.000 0.000 0.000 0.000 0.000
PEOU.PEOU2 0.000 0.000 0.000 0.000 0.640 0.000 0.000 0.000 0.000 0.000 0.000 0.000 0.000 0.000 0.000 0.000 0.000
PEOU.PEOU3 0.000 0.000 0.000 0.000 0.691 0.000 0.000 0.000 0.000 0.000 0.000 0.000 0.000 0.000 0.000 0.000 0.000
PEOU.PEOU4 0.000 0.000 0.000 0.000 0.675 0.000 0.000 0.000 0.000 0.000 0.000 0.000 0.000 0.000 0.000 0.000 0.000
PEOU.PEOU5 0.000 0.000 0.000 0.000 0.501 0.000 0.000 0.000 0.000 0.000 0.000 0.000 0.000 0.000 0.000 0.000 0.000
PEOU.PEOU6 0.000 0.000 0.000 0.000 0.637 0.000 0.000 0.000 0.000 0.000 0.000 0.000 0.000 0.000 0.000 0.000 0.000
VIS.VIS1   0.000 0.000 0.000 0.000 0.000 0.721 0.000 0.000 0.000 0.000 0.000 0.000 0.000 0.000 0.000 0.000 0.000
VIS.VIS2   0.000 0.000 0.000 0.000 0.000 0.726 0.000 0.000 0.000 0.000 0.000 0.000 0.000 0.000 0.000 0.000 0.000
VIS.VIS3   0.000 0.000 0.000 0.000 0.000 0.745 0.000 0.000 0.000 0.000 0.000 0.000 0.000 0.000 0.000 0.000 0.000
VOI.VOI1   0.000 0.000 0.000 0.000 0.000 0.000 0.728 0.000 0.000 0.000 0.000 0.000 0.000 0.000 0.000 0.000 0.000
VOI.VOI2   0.000 0.000 0.000 0.000 0.000 0.000 0.694 0.000 0.000 0.000 0.000 0.000 0.000 0.000 0.000 0.000 0.000
VOI.VOI3   0.000 0.000 0.000 0.000 0.000 0.000 0.672 0.000 0.000 0.000 0.000 0.000 0.000 0.000 0.000 0.000 0.000
VOI.VOI4   0.000 0.000 0.000 0.000 0.000 0.000 0.006 0.000 0.000 0.000 0.000 0.000 0.000 0.000 0.000 0.000 0.000
PUA.PUA1   0.000 0.000 0.000 0.000 0.000 0.000 0.000 0.711 0.000 0.000 0.000 0.000 0.000 0.000 0.000 0.000 0.000
PUA.PUA2   0.000 0.000 0.000 0.000 0.000 0.000 0.000 0.670 0.000 0.000 0.000 0.000 0.000 0.000 0.000 0.000 0.000
PUA.PUA3   0.000 0.000 0.000 0.000 0.000 0.000 0.000 0.651 0.000 0.000 0.000 0.000 0.000 0.000 0.000 0.000 0.000
PUA.PUA4   0.000 0.000 0.000 0.000 0.000 0.000 0.000 0.632 0.000 0.000 0.000 0.000 0.000 0.000 0.000 0.000 0.000
PUA.PUA5   0.000 0.000 0.000 0.000 0.000 0.000 0.000 0.649 0.000 0.000 0.000 0.000 0.000 0.000 0.000 0.000 0.000
PUA.PUA6   0.000 0.000 0.000 0.000 0.000 0.000 0.000 0.310 0.000 0.000 0.000 0.000 0.000 0.000 0.000 0.000 0.000
PUA.PUA7   0.000 0.000 0.000 0.000 0.000 0.000 0.000 0.621 0.000 0.000 0.000 0.000 0.000 0.000 0.000 0.000 0.000
PUA.PUA8   0.000 0.000 0.000 0.000 0.000 0.000 0.000 0.688 0.000 0.000 0.000 0.000 0.000 0.000 0.000 0.000 0.000
RES.RES1   0.000 0.000 0.000 0.000 0.000 0.000 0.000 0.000 0.526 0.000 0.000 0.000 0.000 0.000 0.000 0.000 0.000
RES.RES2   0.000 0.000 0.000 0.000 0.000 0.000 0.000 0.000 0.639 0.000 0.000 0.000 0.000 0.000 0.000 0.000 0.000
RES.RES3   0.000 0.000 0.000 0.000 0.000 0.000 0.000 0.000 0.650 0.000 0.000 0.000 0.000 0.000 0.000 0.000 0.000
RES.RES4   0.000 0.000 0.000 0.000 0.000 0.000 0.000 0.000 0.031 0.000 0.000 0.000 0.000 0.000 0.000 0.000 0.000
SQR.SQR1   0.000 0.000 0.000 0.000 0.000 0.000 0.000 0.000 0.000 0.690 0.000 0.000 0.000 0.000 0.000 0.000 0.000
SQR.SQR2   0.000 0.000 0.000 0.000 0.000 0.000 0.000 0.000 0.000 0.702 0.000 0.000 0.000 0.000 0.000 0.000 0.000
SQR.SQR3   0.000 0.000 0.000 0.000 0.000 0.000 0.000 0.000 0.000 0.650 0.000 0.000 0.000 0.000 0.000 0.000 0.000
SQR.SQR4   0.000 0.000 0.000 0.000 0.000 0.000 0.000 0.000 0.000 0.179 0.000 0.000 0.000 0.000 0.000 0.000 0.000
SR.SR1     0.000 0.000 0.000 0.000 0.000 0.000 0.000 0.000 0.000 0.000 0.813 0.000 0.000 0.000 0.000 0.000 0.000
SR.SR2     0.000 0.000 0.000 0.000 0.000 0.000 0.000 0.000 0.000 0.000 0.753 0.000 0.000 0.000 0.000 0.000 0.000
SR.SR3     0.000 0.000 0.000 0.000 0.000 0.000 0.000 0.000 0.000 0.000 0.820 0.000 0.000 0.000 0.000 0.000 0.000
SR.SR4     0.000 0.000 0.000 0.000 0.000 0.000 0.000 0.000 0.000 0.000 0.811 0.000 0.000 0.000 0.000 0.000 0.000
LS.LS1     0.000 0.000 0.000 0.000 0.000 0.000 0.000 0.000 0.000 0.000 0.000 0.542 0.000 0.000 0.000 0.000 0.000
LS.LS2     0.000 0.000 0.000 0.000 0.000 0.000 0.000 0.000 0.000 0.000 0.000 0.511 0.000 0.000 0.000 0.000 0.000
LS.LS3     0.000 0.000 0.000 0.000 0.000 0.000 0.000 0.000 0.000 0.000 0.000 0.558 0.000 0.000 0.000 0.000 0.000
LS.LS4     0.000 0.000 0.000 0.000 0.000 0.000 0.000 0.000 0.000 0.000 0.000 0.629 0.000 0.000 0.000 0.000 0.000
LS.LS5     0.000 0.000 0.000 0.000 0.000 0.000 0.000 0.000 0.000 0.000 0.000 0.609 0.000 0.000 0.000 0.000 0.000
LS.LS6     0.000 0.000 0.000 0.000 0.000 0.000 0.000 0.000 0.000 0.000 0.000 0.636 0.000 0.000 0.000 0.000 0.000
LS.LS7     0.000 0.000 0.000 0.000 0.000 0.000 0.000 0.000 0.000 0.000 0.000 0.553 0.000 0.000 0.000 0.000 0.000
LS.LS8     0.000 0.000 0.000 0.000 0.000 0.000 0.000 0.000 0.000 0.000 0.000 0.649 0.000 0.000 0.000 0.000 0.000
PPC.PPC1   0.000 0.000 0.000 0.000 0.000 0.000 0.000 0.000 0.000 0.000 0.000 0.000 0.659 0.000 0.000 0.000 0.000
PPC.PPC2   0.000 0.000 0.000 0.000 0.000 0.000 0.000 0.000 0.000 0.000 0.000 0.000 0.514 0.000 0.000 0.000 0.000
PPC.PPC3   0.000 0.000 0.000 0.000 0.000 0.000 0.000 0.000 0.000 0.000 0.000 0.000 0.576 0.000 0.000 0.000 0.000
PPC.PPC4   0.000 0.000 0.000 0.000 0.000 0.000 0.000 0.000 0.000 0.000 0.000 0.000 0.666 0.000 0.000 0.000 0.000
PPC.PPC5   0.000 0.000 0.000 0.000 0.000 0.000 0.000 0.000 0.000 0.000 0.000 0.000 0.550 0.000 0.000 0.000 0.000
PPC.PPC6   0.000 0.000 0.000 0.000 0.000 0.000 0.000 0.000 0.000 0.000 0.000 0.000 0.654 0.000 0.000 0.000 0.000
PS.PS1     0.000 0.000 0.000 0.000 0.000 0.000 0.000 0.000 0.000 0.000 0.000 0.000 0.000 0.688 0.000 0.000 0.000
PS.PS2     0.000 0.000 0.000 0.000 0.000 0.000 0.000 0.000 0.000 0.000 0.000 0.000 0.000 0.674 0.000 0.000 0.000
PS.PS3     0.000 0.000 0.000 0.000 0.000 0.000 0.000 0.000 0.000 0.000 0.000 0.000 0.000 0.696 0.000 0.000 0.000
PS.PS4     0.000 0.000 0.000 0.000 0.000 0.000 0.000 0.000 0.000 0.000 0.000 0.000 0.000 0.613 0.000 0.000 0.000
PS.PS5     0.000 0.000 0.000 0.000 0.000 0.000 0.000 0.000 0.000 0.000 0.000 0.000 0.000 0.615 0.000 0.000 0.000
PS.PS6     0.000 0.000 0.000 0.000 0.000 0.000 0.000 0.000 0.000 0.000 0.000 0.000 0.000 0.618 0.000 0.000 0.000
PS.PS7     0.000 0.000 0.000 0.000 0.000 0.000 0.000 0.000 0.000 0.000 0.000 0.000 0.000 0.661 0.000 0.000 0.000
PS.PS8     0.000 0.000 0.000 0.000 0.000 0.000 0.000 0.000 0.000 0.000 0.000 0.000 0.000 0.608 0.000 0.000 0.000
PS.PS9     0.000 0.000 0.000 0.000 0.000 0.000 0.000 0.000 0.000 0.000 0.000 0.000 0.000 0.659 0.000 0.000 0.000
PS.PS10    0.000 0.000 0.000 0.000 0.000 0.000 0.000 0.000 0.000 0.000 0.000 0.000 0.000 0.581 0.000 0.000 0.000
PS.PS11    0.000 0.000 0.000 0.000 0.000 0.000 0.000 0.000 0.000 0.000 0.000 0.000 0.000 0.617 0.000 0.000 0.000
PUI.PUI1   0.000 0.000 0.000 0.000 0.000 0.000 0.000 0.000 0.000 0.000 0.000 0.000 0.000 0.000 0.704 0.000 0.000
PUI.PUI2   0.000 0.000 0.000 0.000 0.000 0.000 0.000 0.000 0.000 0.000 0.000 0.000 0.000 0.000 0.694 0.000 0.000
PUI.PUI3   0.000 0.000 0.000 0.000 0.000 0.000 0.000 0.000 0.000 0.000 0.000 0.000 0.000 0.000 0.696 0.000 0.000
PUI.PUI4   0.000 0.000 0.000 0.000 0.000 0.000 0.000 0.000 0.000 0.000 0.000 0.000 0.000 0.000 0.619 0.000 0.000
PUI.PUI5   0.000 0.000 0.000 0.000 0.000 0.000 0.000 0.000 0.000 0.000 0.000 0.000 0.000 0.000 0.695 0.000 0.000
PUI.PUI6   0.000 0.000 0.000 0.000 0.000 0.000 0.000 0.000 0.000 0.000 0.000 0.000 0.000 0.000 0.309 0.000 0.000
PUI.PUI7   0.000 0.000 0.000 0.000 0.000 0.000 0.000 0.000 0.000 0.000 0.000 0.000 0.000 0.000 0.691 0.000 0.000
PUI.PUI8   0.000 0.000 0.000 0.000 0.000 0.000 0.000 0.000 0.000 0.000 0.000 0.000 0.000 0.000 0.646 0.000 0.000
TKR.TKR1   0.000 0.000 0.000 0.000 0.000 0.000 0.000 0.000 0.000 0.000 0.000 0.000 0.000 0.000 0.000 0.708 0.000
TKR.TKR2   0.000 0.000 0.000 0.000 0.000 0.000 0.000 0.000 0.000 0.000 0.000 0.000 0.000 0.000 0.000 0.730 0.000
TKR.TKR3   0.000 0.000 0.000 0.000 0.000 0.000 0.000 0.000 0.000 0.000 0.000 0.000 0.000 0.000 0.000 0.680 0.000
TKR.TKR4   0.000 0.000 0.000 0.000 0.000 0.000 0.000 0.000 0.000 0.000 0.000 0.000 0.000 0.000 0.000 0.682 0.000
WEI.WEI1   0.000 0.000 0.000 0.000 0.000 0.000 0.000 0.000 0.000 0.000 0.000 0.000 0.000 0.000 0.000 0.000 0.594
WEI.WEI2   0.000 0.000 0.000 0.000 0.000 0.000 0.000 0.000 0.000 0.000 0.000 0.000 0.000 0.000 0.000 0.000 0.585
WEI.WEI3   0.000 0.000 0.000 0.000 0.000 0.000 0.000 0.000 0.000 0.000 0.000 0.000 0.000 0.000 0.000 0.000 0.608
WEI.WEI4   0.000 0.000 0.000 0.000 0.000 0.000 0.000 0.000 0.000 0.000 0.000 0.000 0.000 0.000 0.000 0.000 0.625
WEI.WEI5   0.000 0.000 0.000 0.000 0.000 0.000 0.000 0.000 0.000 0.000 0.000 0.000 0.000 0.000 0.000 0.000 0.652
WEI.WEI6   0.000 0.000 0.000 0.000 0.000 0.000 0.000 0.000 0.000 0.000 0.000 0.000 0.000 0.000 0.000 0.000 0.572
WEI.WEI7   0.000 0.000 0.000 0.000 0.000 0.000 0.000 0.000 0.000 0.000 0.000 0.000 0.000 0.000 0.000 0.000 0.616
WEI.WEI8   0.000 0.000 0.000 0.000 0.000 0.000 0.000 0.000 0.000 0.000 0.000 0.000 0.000 0.000 0.000 0.000 0.668
